0	Next	0.09375	0.010416666666666666	0.21875	0.010416666666666666	0.09375	0.13541666666666666	0.010416666666666666	0.052083333333333336	0.010416666666666666	0.010416666666666666	0.010416666666666666	0.010416666666666666	0.010416666666666666	0.21875	0.010416666666666666	0.010416666666666666	0.010416666666666666	0.010416666666666666	0.052083333333333336	0.010416666666666666
1		0.03571428571428571	0.03571428571428571	0.03571428571428571	0.03571428571428571	0.03571428571428571	0.03571428571428571	0.03571428571428571	0.03571428571428571	0.03571428571428571	0.03571428571428571	0.17857142857142858	0.03571428571428571	0.03571428571428571	0.17857142857142858	0.03571428571428571	0.03571428571428571	0.03571428571428571	0.03571428571428571	0.03571428571428571	0.03571428571428571
2	One	0.09615384615384616	0.09615384615384616	0.09615384615384616	0.019230769230769232	0.25	0.019230769230769232	0.019230769230769232	0.09615384615384616	0.019230769230769232	0.019230769230769232	0.019230769230769232	0.019230769230769232	0.019230769230769232	0.09615384615384616	0.019230769230769232	0.019230769230769232	0.019230769230769232	0.019230769230769232	0.019230769230769232	0.019230769230769232
3		0.03571428571428571	0.03571428571428571	0.03571428571428571	0.03571428571428571	0.03571428571428571	0.03571428571428571	0.17857142857142858	0.03571428571428571	0.03571428571428571	0.03571428571428571	0.03571428571428571	0.03571428571428571	0.03571428571428571	0.03571428571428571	0.03571428571428571	0.03571428571428571	0.03571428571428571	0.03571428571428571	0.03571428571428571	0.17857142857142858
4	"Man,	0.13	0.05	0.01	0.09	0.01	0.01	0.05	0.09	0.05	0.05	0.01	0.01	0.05	0.17	0.01	0.09	0.09	0.01	0.01	0.01
5		0.03571428571428571	0.03571428571428571	0.03571428571428571	0.03571428571428571	0.03571428571428571	0.03571428571428571	0.17857142857142858	0.03571428571428571	0.03571428571428571	0.03571428571428571	0.17857142857142858	0.03571428571428571	0.03571428571428571	0.03571428571428571	0.03571428571428571	0.03571428571428571	0.03571428571428571	0.03571428571428571	0.03571428571428571	0.03571428571428571
6	"No,	0.017857142857142856	0.017857142857142856	0.017857142857142856	0.017857142857142856	0.017857142857142856	0.017857142857142856	0.017857142857142856	0.017857142857142856	0.017857142857142856	0.017857142857142856	0.017857142857142856	0.017857142857142856	0.017857142857142856	0.30357142857142855	0.23214285714285715	0.08928571428571429	0.017857142857142856	0.017857142857142856	0.08928571428571429	0.017857142857142856
7		0.03571428571428571	0.03571428571428571	0.03571428571428571	0.17857142857142858	0.03571428571428571	0.03571428571428571	0.03571428571428571	0.03571428571428571	0.03571428571428571	0.03571428571428571	0.03571428571428571	0.03571428571428571	0.03571428571428571	0.03571428571428571	0.03571428571428571	0.17857142857142858	0.03571428571428571	0.03571428571428571	0.03571428571428571	0.03571428571428571
8	"Oh,	0.019230769230769232	0.17307692307692307	0.17307692307692307	0.019230769230769232	0.019230769230769232	0.019230769230769232	0.019230769230769232	0.019230769230769232	0.019230769230769232	0.019230769230769232	0.019230769230769232	0.019230769230769232	0.019230769230769232	0.019230769230769232	0.019230769230769232	0.17307692307692307	0.019230769230769232	0.09615384615384616	0.019230769230769232	0.09615384615384616
9		0.03571428571428571	0.03571428571428571	0.03571428571428571	0.03571428571428571	0.03571428571428571	0.17857142857142858	0.03571428571428571	0.03571428571428571	0.03571428571428571	0.03571428571428571	0.03571428571428571	0.03571428571428571	0.03571428571428571	0.03571428571428571	0.03571428571428571	0.03571428571428571	0.03571428571428571	0.17857142857142858	0.03571428571428571	0.03571428571428571
10	"But	0.027777777777777776	0.027777777777777776	0.027777777777777776	0.1388888888888889	0.027777777777777776	0.027777777777777776	0.027777777777777776	0.027777777777777776	0.027777777777777776	0.027777777777777776	0.027777777777777776	0.027777777777777776	0.027777777777777776	0.3611111111111111	0.027777777777777776	0.027777777777777776	0.027777777777777776	0.027777777777777776	0.027777777777777776	0.027777777777777776
11		0.03571428571428571	0.03571428571428571	0.03571428571428571	0.03571428571428571	0.03571428571428571	0.03571428571428571	0.03571428571428571	0.03571428571428571	0.03571428571428571	0.17857142857142858	0.03571428571428571	0.03571428571428571	0.03571428571428571	0.17857142857142858	0.03571428571428571	0.03571428571428571	0.03571428571428571	0.03571428571428571	0.03571428571428571	0.03571428571428571
12	The	0.10416666666666667	0.020833333333333332	0.020833333333333332	0.10416666666666667	0.10416666666666667	0.020833333333333332	0.020833333333333332	0.020833333333333332	0.020833333333333332	0.020833333333333332	0.020833333333333332	0.020833333333333332	0.020833333333333332	0.2708333333333333	0.10416666666666667	0.020833333333333332	0.020833333333333332	0.020833333333333332	0.020833333333333332	0.020833333333333332
13		0.03571428571428571	0.03571428571428571	0.03571428571428571	0.03571428571428571	0.03571428571428571	0.03571428571428571	0.03571428571428571	0.03571428571428571	0.03571428571428571	0.03571428571428571	0.03571428571428571	0.03571428571428571	0.17857142857142858	0.03571428571428571	0.17857142857142858	0.03571428571428571	0.03571428571428571	0.03571428571428571	0.03571428571428571	0.03571428571428571
14	Gretel	0.03125	0.03125	0.03125	0.28125	0.03125	0.03125	0.03125	0.03125	0.15625	0.03125	0.03125	0.03125	0.03125	0.03125	0.03125	0.03125	0.03125	0.03125	0.03125	0.03125
15		0.03571428571428571	0.03571428571428571	0.03571428571428571	0.03571428571428571	0.03571428571428571	0.03571428571428571	0.17857142857142858	0.03571428571428571	0.03571428571428571	0.03571428571428571	0.03571428571428571	0.03571428571428571	0.03571428571428571	0.17857142857142858	0.03571428571428571	0.03571428571428571	0.03571428571428571	0.03571428571428571	0.03571428571428571	0.03571428571428571
16	"Be	0.027777777777777776	0.027777777777777776	0.1388888888888889	0.027777777777777776	0.027777777777777776	0.25	0.027777777777777776	0.027777777777777776	0.027777777777777776	0.027777777777777776	0.027777777777777776	0.027777777777777776	0.1388888888888889	0.027777777777777776	0.027777777777777776	0.027777777777777776	0.027777777777777776	0.027777777777777776	0.027777777777777776	0.027777777777777776
17		0.03571428571428571	0.03571428571428571	0.03571428571428571	0.03571428571428571	0.03571428571428571	0.03571428571428571	0.03571428571428571	0.03571428571428571	0.03571428571428571	0.03571428571428571	0.03571428571428571	0.32142857142857145	0.03571428571428571	0.03571428571428571	0.03571428571428571	0.03571428571428571	0.03571428571428571	0.03571428571428571	0.03571428571428571	0.03571428571428571
18	And	0.008333333333333333	0.075	0.008333333333333333	0.4083333333333333	0.008333333333333333	0.14166666666666666	0.008333333333333333	0.008333333333333333	0.008333333333333333	0.175	0.008333333333333333	0.041666666666666664	0.008333333333333333	0.008333333333333333	0.008333333333333333	0.008333333333333333	0.008333333333333333	0.008333333333333333	0.008333333333333333	0.041666666666666664
19		0.03571428571428571	0.03571428571428571	0.03571428571428571	0.03571428571428571	0.03571428571428571	0.03571428571428571	0.03571428571428571	0.03571428571428571	0.03571428571428571	0.03571428571428571	0.03571428571428571	0.17857142857142858	0.03571428571428571	0.03571428571428571	0.03571428571428571	0.03571428571428571	0.03571428571428571	0.17857142857142858	0.03571428571428571	0.03571428571428571
20	Then	0.016666666666666666	0.08333333333333333	0.08333333333333333	0.15	0.016666666666666666	0.15	0.15	0.016666666666666666	0.016666666666666666	0.016666666666666666	0.016666666666666666	0.016666666666666666	0.15	0.016666666666666666	0.016666666666666666	0.016666666666666666	0.016666666666666666	0.016666666666666666	0.016666666666666666	0.016666666666666666
21		0.03571428571428571	0.03571428571428571	0.17857142857142858	0.03571428571428571	0.17857142857142858	0.03571428571428571	0.03571428571428571	0.03571428571428571	0.03571428571428571	0.03571428571428571	0.03571428571428571	0.03571428571428571	0.03571428571428571	0.03571428571428571	0.03571428571428571	0.03571428571428571	0.03571428571428571	0.03571428571428571	0.03571428571428571	0.03571428571428571
22	At	0.011904761904761904	0.011904761904761904	0.10714285714285714	0.011904761904761904	0.011904761904761904	0.011904761904761904	0.011904761904761904	0.05952380952380952	0.011904761904761904	0.011904761904761904	0.011904761904761904	0.05952380952380952	0.10714285714285714	0.20238095238095238	0.15476190476190477	0.011904761904761904	0.05952380952380952	0.011904761904761904	0.011904761904761904	0.10714285714285714
23		0.03571428571428571	0.03571428571428571	0.03571428571428571	0.03571428571428571	0.03571428571428571	0.03571428571428571	0.03571428571428571	0.03571428571428571	0.03571428571428571	0.03571428571428571	0.03571428571428571	0.03571428571428571	0.03571428571428571	0.03571428571428571	0.03571428571428571	0.03571428571428571	0.03571428571428571	0.17857142857142858	0.17857142857142858	0.03571428571428571
24	Gretel	0.013157894736842105	0.06578947368421052	0.013157894736842105	0.2236842105263158	0.013157894736842105	0.013157894736842105	0.013157894736842105	0.013157894736842105	0.013157894736842105	0.013157894736842105	0.11842105263157894	0.013157894736842105	0.11842105263157894	0.11842105263157894	0.013157894736842105	0.013157894736842105	0.013157894736842105	0.06578947368421052	0.013157894736842105	0.11842105263157894
25		0.03571428571428571	0.03571428571428571	0.03571428571428571	0.03571428571428571	0.03571428571428571	0.03571428571428571	0.03571428571428571	0.17857142857142858	0.03571428571428571	0.03571428571428571	0.03571428571428571	0.03571428571428571	0.03571428571428571	0.03571428571428571	0.03571428571428571	0.17857142857142858	0.03571428571428571	0.03571428571428571	0.03571428571428571	0.03571428571428571
26	The	0.019230769230769232	0.019230769230769232	0.09615384615384616	0.09615384615384616	0.019230769230769232	0.019230769230769232	0.019230769230769232	0.019230769230769232	0.019230769230769232	0.09615384615384616	0.09615384615384616	0.019230769230769232	0.3269230769230769	0.019230769230769232	0.019230769230769232	0.019230769230769232	0.019230769230769232	0.019230769230769232	0.019230769230769232	0.019230769230769232
27		0.03571428571428571	0.17857142857142858	0.03571428571428571	0.03571428571428571	0.03571428571428571	0.03571428571428571	0.03571428571428571	0.03571428571428571	0.03571428571428571	0.03571428571428571	0.17857142857142858	0.03571428571428571	0.03571428571428571	0.03571428571428571	0.03571428571428571	0.03571428571428571	0.03571428571428571	0.03571428571428571	0.03571428571428571	0.03571428571428571
28	"Oh,	0.022727272727272728	0.022727272727272728	0.022727272727272728	0.022727272727272728	0.022727272727272728	0.11363636363636363	0.022727272727272728	0.022727272727272728	0.022727272727272728	0.4772727272727273	0.022727272727272728	0.022727272727272728	0.022727272727272728	0.022727272727272728	0.022727272727272728	0.022727272727272728	0.022727272727272728	0.022727272727272728	0.022727272727272728	0.022727272727272728
29		0.03571428571428571	0.03571428571428571	0.03571428571428571	0.03571428571428571	0.17857142857142858	0.03571428571428571	0.03571428571428571	0.03571428571428571	0.03571428571428571	0.03571428571428571	0.03571428571428571	0.03571428571428571	0.03571428571428571	0.03571428571428571	0.03571428571428571	0.03571428571428571	0.03571428571428571	0.03571428571428571	0.03571428571428571	0.17857142857142858
30	The	0.019230769230769232	0.019230769230769232	0.019230769230769232	0.019230769230769232	0.019230769230769232	0.019230769230769232	0.019230769230769232	0.09615384615384616	0.019230769230769232	0.5576923076923077	0.019230769230769232	0.019230769230769232	0.019230769230769232	0.019230769230769232	0.019230769230769232	0.019230769230769232	0.019230769230769232	0.019230769230769232	0.019230769230769232	0.019230769230769232
31		0.17857142857142858	0.03571428571428571	0.03571428571428571	0.03571428571428571	0.03571428571428571	0.03571428571428571	0.03571428571428571	0.03571428571428571	0.17857142857142858	0.03571428571428571	0.03571428571428571	0.03571428571428571	0.03571428571428571	0.03571428571428571	0.03571428571428571	0.03571428571428571	0.03571428571428571	0.03571428571428571	0.03571428571428571	0.03571428571428571
32	However,	0.022727272727272728	0.022727272727272728	0.022727272727272728	0.11363636363636363	0.022727272727272728	0.20454545454545456	0.022727272727272728	0.022727272727272728	0.022727272727272728	0.20454545454545456	0.022727272727272728	0.022727272727272728	0.022727272727272728	0.022727272727272728	0.11363636363636363	0.022727272727272728	0.022727272727272728	0.022727272727272728	0.022727272727272728	0.022727272727272728
33		0.03571428571428571	0.03571428571428571	0.03571428571428571	0.03571428571428571	0.03571428571428571	0.03571428571428571	0.03571428571428571	0.03571428571428571	0.03571428571428571	0.03571428571428571	0.03571428571428571	0.17857142857142858	0.03571428571428571	0.03571428571428571	0.17857142857142858	0.03571428571428571	0.03571428571428571	0.03571428571428571	0.03571428571428571	0.03571428571428571
34	When	0.015625	0.015625	0.015625	0.015625	0.078125	0.015625	0.015625	0.265625	0.015625	0.078125	0.015625	0.015625	0.078125	0.203125	0.015625	0.015625	0.015625	0.015625	0.015625	0.078125
35		0.03571428571428571	0.03571428571428571	0.17857142857142858	0.03571428571428571	0.03571428571428571	0.03571428571428571	0.03571428571428571	0.03571428571428571	0.03571428571428571	0.03571428571428571	0.03571428571428571	0.03571428571428571	0.03571428571428571	0.03571428571428571	0.17857142857142858	0.03571428571428571	0.03571428571428571	0.03571428571428571	0.03571428571428571	0.03571428571428571
36	Hansel	0.1875	0.10416666666666667	0.020833333333333332	0.020833333333333332	0.020833333333333332	0.1875	0.020833333333333332	0.020833333333333332	0.020833333333333332	0.020833333333333332	0.10416666666666667	0.020833333333333332	0.020833333333333332	0.020833333333333332	0.020833333333333332	0.020833333333333332	0.10416666666666667	0.020833333333333332	0.020833333333333332	0.020833333333333332
37		0.03571428571428571	0.03571428571428571	0.03571428571428571	0.03571428571428571	0.17857142857142858	0.03571428571428571	0.17857142857142858	0.03571428571428571	0.03571428571428571	0.03571428571428571	0.03571428571428571	0.03571428571428571	0.03571428571428571	0.03571428571428571	0.03571428571428571	0.03571428571428571	0.03571428571428571	0.03571428571428571	0.03571428571428571	0.03571428571428571
38	The	0.18055555555555555	0.013888888888888888	0.013888888888888888	0.013888888888888888	0.013888888888888888	0.013888888888888888	0.125	0.2916666666666667	0.013888888888888888	0.06944444444444445	0.06944444444444445	0.013888888888888888	0.013888888888888888	0.06944444444444445	0.013888888888888888	0.013888888888888888	0.013888888888888888	0.013888888888888888	0.013888888888888888	0.013888888888888888
39		0.03571428571428571	0.03571428571428571	0.03571428571428571	0.03571428571428571	0.03571428571428571	0.03571428571428571	0.03571428571428571	0.03571428571428571	0.03571428571428571	0.03571428571428571	0.03571428571428571	0.03571428571428571	0.03571428571428571	0.17857142857142858	0.03571428571428571	0.03571428571428571	0.03571428571428571	0.03571428571428571	0.03571428571428571	0.17857142857142858
40	Hansel	0.09558823529411764	0.007352941176470588	0.007352941176470588	0.007352941176470588	0.007352941176470588	0.125	0.007352941176470588	0.007352941176470588	0.03676470588235294	0.007352941176470588	0.007352941176470588	0.007352941176470588	0.18382352941176472	0.0661764705882353	0.007352941176470588	0.0661764705882353	0.18382352941176472	0.03676470588235294	0.007352941176470588	0.125
41		0.03571428571428571	0.17857142857142858	0.03571428571428571	0.03571428571428571	0.03571428571428571	0.03571428571428571	0.17857142857142858	0.03571428571428571	0.03571428571428571	0.03571428571428571	0.03571428571428571	0.03571428571428571	0.03571428571428571	0.03571428571428571	0.03571428571428571	0.03571428571428571	0.03571428571428571	0.03571428571428571	0.03571428571428571	0.03571428571428571
42	When	0.019230769230769232	0.17307692307692307	0.019230769230769232	0.019230769230769232	0.019230769230769232	0.25	0.019230769230769232	0.019230769230769232	0.019230769230769232	0.019230769230769232	0.019230769230769232	0.019230769230769232	0.019230769230769232	0.17307692307692307	0.019230769230769232	0.019230769230769232	0.09615384615384616	0.019230769230769232	0.019230769230769232	0.019230769230769232
43		0.03571428571428571	0.03571428571428571	0.03571428571428571	0.03571428571428571	0.03571428571428571	0.03571428571428571	0.17857142857142858	0.03571428571428571	0.03571428571428571	0.03571428571428571	0.03571428571428571	0.03571428571428571	0.03571428571428571	0.03571428571428571	0.17857142857142858	0.03571428571428571	0.03571428571428571	0.03571428571428571	0.03571428571428571	0.03571428571428571
44	Hansel	0.25	0.027777777777777776	0.027777777777777776	0.027777777777777776	0.027777777777777776	0.027777777777777776	0.027777777777777776	0.027777777777777776	0.027777777777777776	0.027777777777777776	0.027777777777777776	0.027777777777777776	0.027777777777777776	0.027777777777777776	0.027777777777777776	0.027777777777777776	0.027777777777777776	0.1388888888888889	0.1388888888888889	0.027777777777777776
45		0.03571428571428571	0.03571428571428571	0.03571428571428571	0.03571428571428571	0.03571428571428571	0.03571428571428571	0.32142857142857145	0.03571428571428571	0.03571428571428571	0.03571428571428571	0.03571428571428571	0.03571428571428571	0.03571428571428571	0.03571428571428571	0.03571428571428571	0.03571428571428571	0.03571428571428571	0.03571428571428571	0.03571428571428571	0.03571428571428571
46	After	0.010416666666666666	0.052083333333333336	0.010416666666666666	0.3020833333333333	0.010416666666666666	0.010416666666666666	0.052083333333333336	0.052083333333333336	0.052083333333333336	0.09375	0.09375	0.052083333333333336	0.010416666666666666	0.010416666666666666	0.010416666666666666	0.010416666666666666	0.13541666666666666	0.010416666666666666	0.010416666666666666	0.010416666666666666
47		0.03571428571428571	0.03571428571428571	0.03571428571428571	0.03571428571428571	0.03571428571428571	0.03571428571428571	0.03571428571428571	0.03571428571428571	0.03571428571428571	0.03571428571428571	0.03571428571428571	0.03571428571428571	0.03571428571428571	0.17857142857142858	0.03571428571428571	0.17857142857142858	0.03571428571428571	0.03571428571428571	0.03571428571428571	0.03571428571428571
48	They	0.014705882352941176	0.014705882352941176	0.014705882352941176	0.014705882352941176	0.014705882352941176	0.4852941176470588	0.1323529411764706	0.014705882352941176	0.014705882352941176	0.014705882352941176	0.014705882352941176	0.014705882352941176	0.014705882352941176	0.1323529411764706	0.014705882352941176	0.014705882352941176	0.014705882352941176	0.014705882352941176	0.014705882352941176	0.014705882352941176
49		0.03571428571428571	0.03571428571428571	0.03571428571428571	0.17857142857142858	0.03571428571428571	0.03571428571428571	0.03571428571428571	0.03571428571428571	0.03571428571428571	0.03571428571428571	0.03571428571428571	0.03571428571428571	0.03571428571428571	0.17857142857142858	0.03571428571428571	0.03571428571428571	0.03571428571428571	0.03571428571428571	0.03571428571428571	0.03571428571428571
50	But	0.025	0.025	0.025	0.025	0.025	0.025	0.025	0.225	0.025	0.025	0.025	0.025	0.025	0.125	0.025	0.025	0.025	0.025	0.025	0.225
51		0.03571428571428571	0.03571428571428571	0.03571428571428571	0.03571428571428571	0.03571428571428571	0.03571428571428571	0.03571428571428571	0.03571428571428571	0.03571428571428571	0.03571428571428571	0.03571428571428571	0.03571428571428571	0.17857142857142858	0.03571428571428571	0.17857142857142858	0.03571428571428571	0.03571428571428571	0.03571428571428571	0.03571428571428571	0.03571428571428571
52	Not	0.10227272727272728	0.011363636363636364	0.011363636363636364	0.011363636363636364	0.056818181818181816	0.011363636363636364	0.011363636363636364	0.10227272727272728	0.011363636363636364	0.011363636363636364	0.011363636363636364	0.011363636363636364	0.011363636363636364	0.42045454545454547	0.011363636363636364	0.011363636363636364	0.011363636363636364	0.10227272727272728	0.056818181818181816	0.011363636363636364
53		0.03571428571428571	0.03571428571428571	0.03571428571428571	0.03571428571428571	0.17857142857142858	0.03571428571428571	0.03571428571428571	0.03571428571428571	0.03571428571428571	0.03571428571428571	0.03571428571428571	0.03571428571428571	0.03571428571428571	0.03571428571428571	0.03571428571428571	0.03571428571428571	0.17857142857142858	0.03571428571428571	0.03571428571428571	0.03571428571428571
54	The	0.025	0.025	0.025	0.025	0.025	0.025	0.025	0.225	0.025	0.025	0.025	0.025	0.025	0.125	0.025	0.025	0.225	0.025	0.025	0.025
55		0.03571428571428571	0.03571428571428571	0.03571428571428571	0.03571428571428571	0.03571428571428571	0.03571428571428571	0.03571428571428571	0.03571428571428571	0.03571428571428571	0.03571428571428571	0.03571428571428571	0.17857142857142858	0.03571428571428571	0.17857142857142858	0.03571428571428571	0.03571428571428571	0.03571428571428571	0.03571428571428571	0.03571428571428571	0.03571428571428571
56	But	0.022727272727272728	0.022727272727272728	0.022727272727272728	0.022727272727272728	0.022727272727272728	0.022727272727272728	0.022727272727272728	0.11363636363636363	0.022727272727272728	0.022727272727272728	0.022727272727272728	0.022727272727272728	0.022727272727272728	0.022727272727272728	0.022727272727272728	0.11363636363636363	0.022727272727272728	0.022727272727272728	0.11363636363636363	0.29545454545454547
57		0.03571428571428571	0.03571428571428571	0.03571428571428571	0.03571428571428571	0.03571428571428571	0.03571428571428571	0.03571428571428571	0.03571428571428571	0.03571428571428571	0.03571428571428571	0.03571428571428571	0.03571428571428571	0.03571428571428571	0.03571428571428571	0.03571428571428571	0.17857142857142858	0.03571428571428571	0.17857142857142858	0.03571428571428571	0.03571428571428571
58	The	0.01	0.01	0.01	0.25	0.09	0.33	0.01	0.05	0.01	0.01	0.01	0.01	0.09	0.01	0.01	0.05	0.01	0.01	0.01	0.01
59		0.03571428571428571	0.03571428571428571	0.03571428571428571	0.03571428571428571	0.03571428571428571	0.32142857142857145	0.03571428571428571	0.03571428571428571	0.03571428571428571	0.03571428571428571	0.03571428571428571	0.03571428571428571	0.03571428571428571	0.03571428571428571	0.03571428571428571	0.03571428571428571	0.03571428571428571	0.03571428571428571	0.03571428571428571	0.03571428571428571
60	Early	0.14772727272727273	0.056818181818181816	0.011363636363636364	0.011363636363636364	0.011363636363636364	0.011363636363636364	0.011363636363636364	0.011363636363636364	0.011363636363636364	0.056818181818181816	0.011363636363636364	0.011363636363636364	0.011363636363636364	0.2840909090909091	0.10227272727272728	0.011363636363636364	0.056818181818181816	0.10227272727272728	0.011363636363636364	0.056818181818181816
61		0.03571428571428571	0.03571428571428571	0.03571428571428571	0.03571428571428571	0.03571428571428571	0.03571428571428571	0.03571428571428571	0.03571428571428571	0.03571428571428571	0.03571428571428571	0.17857142857142858	0.03571428571428571	0.03571428571428571	0.03571428571428571	0.03571428571428571	0.03571428571428571	0.17857142857142858	0.03571428571428571	0.03571428571428571	0.03571428571428571
62	"Hansel,	0.225	0.025	0.125	0.025	0.025	0.025	0.025	0.025	0.025	0.025	0.025	0.025	0.025	0.225	0.025	0.025	0.025	0.025	0.025	0.025
63		0.03571428571428571	0.03571428571428571	0.32142857142857145	0.03571428571428571	0.03571428571428571	0.03571428571428571	0.03571428571428571	0.03571428571428571	0.03571428571428571	0.03571428571428571	0.03571428571428571	0.03571428571428571	0.03571428571428571	0.03571428571428571	0.03571428571428571	0.03571428571428571	0.03571428571428571	0.03571428571428571	0.03571428571428571	0.03571428571428571
64	"I	0.027777777777777776	0.027777777777777776	0.027777777777777776	0.027777777777777776	0.027777777777777776	0.027777777777777776	0.027777777777777776	0.027777777777777776	0.027777777777777776	0.4722222222222222	0.027777777777777776	0.027777777777777776	0.027777777777777776	0.027777777777777776	0.027777777777777776	0.027777777777777776	0.027777777777777776	0.027777777777777776	0.027777777777777776	0.027777777777777776
65		0.03571428571428571	0.03571428571428571	0.03571428571428571	0.03571428571428571	0.03571428571428571	0.03571428571428571	0.03571428571428571	0.17857142857142858	0.03571428571428571	0.03571428571428571	0.17857142857142858	0.03571428571428571	0.03571428571428571	0.03571428571428571	0.03571428571428571	0.03571428571428571	0.03571428571428571	0.03571428571428571	0.03571428571428571	0.03571428571428571
66	"Fool,"	0.019230769230769232	0.019230769230769232	0.019230769230769232	0.019230769230769232	0.019230769230769232	0.019230769230769232	0.09615384615384616	0.019230769230769232	0.019230769230769232	0.5576923076923077	0.019230769230769232	0.019230769230769232	0.019230769230769232	0.019230769230769232	0.019230769230769232	0.019230769230769232	0.019230769230769232	0.019230769230769232	0.019230769230769232	0.019230769230769232
67		0.17857142857142858	0.03571428571428571	0.03571428571428571	0.03571428571428571	0.03571428571428571	0.03571428571428571	0.03571428571428571	0.03571428571428571	0.03571428571428571	0.03571428571428571	0.03571428571428571	0.03571428571428571	0.03571428571428571	0.17857142857142858	0.03571428571428571	0.03571428571428571	0.03571428571428571	0.03571428571428571	0.03571428571428571	0.03571428571428571
68	But	0.019230769230769232	0.019230769230769232	0.019230769230769232	0.019230769230769232	0.019230769230769232	0.17307692307692307	0.019230769230769232	0.019230769230769232	0.019230769230769232	0.019230769230769232	0.019230769230769232	0.019230769230769232	0.019230769230769232	0.3269230769230769	0.019230769230769232	0.17307692307692307	0.019230769230769232	0.019230769230769232	0.019230769230769232	0.019230769230769232
69		0.03571428571428571	0.03571428571428571	0.03571428571428571	0.03571428571428571	0.03571428571428571	0.03571428571428571	0.03571428571428571	0.03571428571428571	0.03571428571428571	0.03571428571428571	0.03571428571428571	0.03571428571428571	0.03571428571428571	0.17857142857142858	0.03571428571428571	0.03571428571428571	0.03571428571428571	0.03571428571428571	0.17857142857142858	0.03571428571428571
70	Once	0.013888888888888888	0.06944444444444445	0.013888888888888888	0.013888888888888888	0.06944444444444445	0.06944444444444445	0.06944444444444445	0.2916666666666667	0.013888888888888888	0.013888888888888888	0.013888888888888888	0.013888888888888888	0.125	0.125	0.013888888888888888	0.013888888888888888	0.013888888888888888	0.013888888888888888	0.013888888888888888	0.013888888888888888
71		0.17857142857142858	0.03571428571428571	0.03571428571428571	0.03571428571428571	0.03571428571428571	0.03571428571428571	0.03571428571428571	0.03571428571428571	0.03571428571428571	0.03571428571428571	0.03571428571428571	0.03571428571428571	0.17857142857142858	0.03571428571428571	0.03571428571428571	0.03571428571428571	0.03571428571428571	0.03571428571428571	0.03571428571428571	0.03571428571428571
72	When	0.013157894736842105	0.013157894736842105	0.013157894736842105	0.013157894736842105	0.013157894736842105	0.17105263157894737	0.013157894736842105	0.013157894736842105	0.013157894736842105	0.013157894736842105	0.013157894736842105	0.013157894736842105	0.2236842105263158	0.17105263157894737	0.013157894736842105	0.06578947368421052	0.11842105263157894	0.013157894736842105	0.06578947368421052	0.013157894736842105
73		0.03571428571428571	0.03571428571428571	0.03571428571428571	0.03571428571428571	0.03571428571428571	0.03571428571428571	0.03571428571428571	0.03571428571428571	0.03571428571428571	0.03571428571428571	0.03571428571428571	0.03571428571428571	0.03571428571428571	0.03571428571428571	0.03571428571428571	0.03571428571428571	0.03571428571428571	0.17857142857142858	0.17857142857142858	0.03571428571428571
74	It	0.013157894736842105	0.013157894736842105	0.013157894736842105	0.013157894736842105	0.013157894736842105	0.2236842105263158	0.013157894736842105	0.013157894736842105	0.013157894736842105	0.013157894736842105	0.013157894736842105	0.013157894736842105	0.06578947368421052	0.2236842105263158	0.013157894736842105	0.013157894736842105	0.11842105263157894	0.06578947368421052	0.11842105263157894	0.013157894736842105
75		0.03571428571428571	0.03571428571428571	0.03571428571428571	0.03571428571428571	0.03571428571428571	0.03571428571428571	0.03571428571428571	0.03571428571428571	0.03571428571428571	0.03571428571428571	0.03571428571428571	0.03571428571428571	0.03571428571428571	0.03571428571428571	0.03571428571428571	0.03571428571428571	0.03571428571428571	0.17857142857142858	0.17857142857142858	0.03571428571428571
76	When	0.08333333333333333	0.016666666666666666	0.016666666666666666	0.08333333333333333	0.016666666666666666	0.016666666666666666	0.016666666666666666	0.016666666666666666	0.016666666666666666	0.21666666666666667	0.016666666666666666	0.08333333333333333	0.08333333333333333	0.15	0.016666666666666666	0.016666666666666666	0.016666666666666666	0.016666666666666666	0.016666666666666666	0.08333333333333333
77		0.17857142857142858	0.17857142857142858	0.03571428571428571	0.03571428571428571	0.03571428571428571	0.03571428571428571	0.03571428571428571	0.03571428571428571	0.03571428571428571	0.03571428571428571	0.03571428571428571	0.03571428571428571	0.03571428571428571	0.03571428571428571	0.03571428571428571	0.03571428571428571	0.03571428571428571	0.03571428571428571	0.03571428571428571	0.03571428571428571
78	Hansel	0.28125	0.03125	0.03125	0.03125	0.03125	0.15625	0.03125	0.03125	0.03125	0.03125	0.03125	0.03125	0.03125	0.03125	0.03125	0.03125	0.03125	0.03125	0.03125	0.03125
79		0.03571428571428571	0.17857142857142858	0.03571428571428571	0.03571428571428571	0.03571428571428571	0.03571428571428571	0.03571428571428571	0.03571428571428571	0.03571428571428571	0.03571428571428571	0.03571428571428571	0.17857142857142858	0.03571428571428571	0.03571428571428571	0.03571428571428571	0.03571428571428571	0.03571428571428571	0.03571428571428571	0.03571428571428571	0.03571428571428571
80	They	0.033582089552238806	0.12313432835820895	0.033582089552238806	0.0037313432835820895	0.0037313432835820895	0.0037313432835820895	0.018656716417910446	0.0037313432835820895	0.0037313432835820895	0.1828358208955224	0.10820895522388059	0.0037313432835820895	0.16791044776119404	0.09328358208955224	0.0037313432835820895	0.018656716417910446	0.12313432835820895	0.033582089552238806	0.018656716417910446	0.018656716417910446
81		0.03571428571428571	0.03571428571428571	0.03571428571428571	0.03571428571428571	0.03571428571428571	0.03571428571428571	0.03571428571428571	0.03571428571428571	0.03571428571428571	0.03571428571428571	0.03571428571428571	0.03571428571428571	0.17857142857142858	0.03571428571428571	0.03571428571428571	0.03571428571428571	0.03571428571428571	0.03571428571428571	0.03571428571428571	0.17857142857142858
82	"Let's	0.015625	0.015625	0.265625	0.140625	0.015625	0.078125	0.015625	0.015625	0.015625	0.078125	0.015625	0.015625	0.078125	0.015625	0.015625	0.015625	0.140625	0.015625	0.015625	0.015625
83		0.03571428571428571	0.03571428571428571	0.03571428571428571	0.03571428571428571	0.03571428571428571	0.03571428571428571	0.03571428571428571	0.03571428571428571	0.03571428571428571	0.17857142857142858	0.03571428571428571	0.17857142857142858	0.03571428571428571	0.03571428571428571	0.03571428571428571	0.03571428571428571	0.03571428571428571	0.03571428571428571	0.03571428571428571	0.03571428571428571
84	Hansel	0.015625	0.203125	0.203125	0.015625	0.015625	0.078125	0.015625	0.015625	0.015625	0.265625	0.015625	0.015625	0.015625	0.015625	0.015625	0.015625	0.015625	0.015625	0.015625	0.015625
85		0.17857142857142858	0.03571428571428571	0.03571428571428571	0.03571428571428571	0.03571428571428571	0.03571428571428571	0.03571428571428571	0.17857142857142858	0.03571428571428571	0.03571428571428571	0.03571428571428571	0.03571428571428571	0.03571428571428571	0.03571428571428571	0.03571428571428571	0.03571428571428571	0.03571428571428571	0.03571428571428571	0.03571428571428571	0.03571428571428571
86	Nibble,	0.03571428571428571	0.17857142857142858	0.03571428571428571	0.03571428571428571	0.03571428571428571	0.03571428571428571	0.03571428571428571	0.03571428571428571	0.03571428571428571	0.03571428571428571	0.03571428571428571	0.03571428571428571	0.03571428571428571	0.03571428571428571	0.03571428571428571	0.17857142857142858	0.03571428571428571	0.03571428571428571	0.03571428571428571	0.03571428571428571
87	Who	0.03571428571428571	0.32142857142857145	0.03571428571428571	0.03571428571428571	0.03571428571428571	0.03571428571428571	0.03571428571428571	0.03571428571428571	0.03571428571428571	0.03571428571428571	0.03571428571428571	0.03571428571428571	0.03571428571428571	0.03571428571428571	0.03571428571428571	0.03571428571428571	0.03571428571428571	0.03571428571428571	0.03571428571428571	0.03571428571428571
88		0.03571428571428571	0.03571428571428571	0.03571428571428571	0.03571428571428571	0.03571428571428571	0.03571428571428571	0.03571428571428571	0.03571428571428571	0.03571428571428571	0.17857142857142858	0.03571428571428571	0.03571428571428571	0.03571428571428571	0.03571428571428571	0.03571428571428571	0.03571428571428571	0.03571428571428571	0.17857142857142858	0.03571428571428571	0.03571428571428571
89	The	0.03571428571428571	0.03571428571428571	0.03571428571428571	0.03571428571428571	0.03571428571428571	0.03571428571428571	0.03571428571428571	0.03571428571428571	0.03571428571428571	0.03571428571428571	0.03571428571428571	0.17857142857142858	0.03571428571428571	0.03571428571428571	0.03571428571428571	0.03571428571428571	0.17857142857142858	0.03571428571428571	0.03571428571428571	0.03571428571428571
90	The	0.03571428571428571	0.03571428571428571	0.03571428571428571	0.03571428571428571	0.03571428571428571	0.03571428571428571	0.03571428571428571	0.03571428571428571	0.17857142857142858	0.17857142857142858	0.03571428571428571	0.03571428571428571	0.03571428571428571	0.03571428571428571	0.03571428571428571	0.03571428571428571	0.03571428571428571	0.03571428571428571	0.03571428571428571	0.03571428571428571
91	The	0.17857142857142858	0.03571428571428571	0.03571428571428571	0.03571428571428571	0.03571428571428571	0.03571428571428571	0.03571428571428571	0.03571428571428571	0.03571428571428571	0.03571428571428571	0.03571428571428571	0.03571428571428571	0.03571428571428571	0.17857142857142858	0.03571428571428571	0.03571428571428571	0.03571428571428571	0.03571428571428571	0.03571428571428571	0.03571428571428571
92		0.03571428571428571	0.03571428571428571	0.03571428571428571	0.03571428571428571	0.17857142857142858	0.03571428571428571	0.03571428571428571	0.03571428571428571	0.03571428571428571	0.03571428571428571	0.03571428571428571	0.17857142857142858	0.03571428571428571	0.03571428571428571	0.03571428571428571	0.03571428571428571	0.03571428571428571	0.03571428571428571	0.03571428571428571	0.03571428571428571
93	They	0.1015625	0.0078125	0.1015625	0.0078125	0.0078125	0.2890625	0.0390625	0.0078125	0.0078125	0.0078125	0.0078125	0.0703125	0.1015625	0.0078125	0.0078125	0.0078125	0.1953125	0.0078125	0.0078125	0.0078125
94	But	0.019230769230769232	0.019230769230769232	0.019230769230769232	0.019230769230769232	0.019230769230769232	0.019230769230769232	0.019230769230769232	0.019230769230769232	0.019230769230769232	0.09615384615384616	0.019230769230769232	0.019230769230769232	0.019230769230769232	0.09615384615384616	0.019230769230769232	0.40384615384615385	0.019230769230769232	0.09615384615384616	0.019230769230769232	0.019230769230769232
95		0.03571428571428571	0.03571428571428571	0.03571428571428571	0.03571428571428571	0.03571428571428571	0.03571428571428571	0.03571428571428571	0.17857142857142858	0.03571428571428571	0.17857142857142858	0.03571428571428571	0.03571428571428571	0.03571428571428571	0.03571428571428571	0.03571428571428571	0.03571428571428571	0.03571428571428571	0.03571428571428571	0.03571428571428571	0.03571428571428571
96	She	0.02717391304347826	0.09239130434782608	0.1358695652173913	0.005434782608695652	0.005434782608695652	0.005434782608695652	0.07065217391304347	0.005434782608695652	0.005434782608695652	0.005434782608695652	0.1358695652173913	0.02717391304347826	0.02717391304347826	0.07065217391304347	0.005434782608695652	0.005434782608695652	0.005434782608695652	0.33152173913043476	0.005434782608695652	0.02717391304347826
97		0.03571428571428571	0.03571428571428571	0.03571428571428571	0.03571428571428571	0.17857142857142858	0.03571428571428571	0.03571428571428571	0.03571428571428571	0.03571428571428571	0.03571428571428571	0.03571428571428571	0.03571428571428571	0.03571428571428571	0.03571428571428571	0.03571428571428571	0.03571428571428571	0.17857142857142858	0.03571428571428571	0.03571428571428571	0.03571428571428571
98	Witches	0.10416666666666667	0.020833333333333332	0.020833333333333332	0.2708333333333333	0.020833333333333332	0.020833333333333332	0.020833333333333332	0.020833333333333332	0.020833333333333332	0.020833333333333332	0.10416666666666667	0.020833333333333332	0.020833333333333332	0.020833333333333332	0.020833333333333332	0.020833333333333332	0.10416666666666667	0.020833333333333332	0.020833333333333332	0.10416666666666667
99		0.03571428571428571	0.03571428571428571	0.03571428571428571	0.03571428571428571	0.03571428571428571	0.17857142857142858	0.03571428571428571	0.03571428571428571	0.03571428571428571	0.17857142857142858	0.03571428571428571	0.03571428571428571	0.03571428571428571	0.03571428571428571	0.03571428571428571	0.03571428571428571	0.03571428571428571	0.03571428571428571	0.03571428571428571	0.03571428571428571
100	When	0.025	0.025	0.025	0.025	0.025	0.325	0.025	0.025	0.025	0.025	0.025	0.025	0.225	0.025	0.025	0.025	0.025	0.025	0.025	0.025
101		0.03571428571428571	0.03571428571428571	0.03571428571428571	0.17857142857142858	0.03571428571428571	0.03571428571428571	0.03571428571428571	0.03571428571428571	0.03571428571428571	0.03571428571428571	0.03571428571428571	0.03571428571428571	0.03571428571428571	0.03571428571428571	0.03571428571428571	0.03571428571428571	0.17857142857142858	0.03571428571428571	0.03571428571428571	0.03571428571428571
102	Early	0.009259259259259259	0.12037037037037036	0.046296296296296294	0.046296296296296294	0.009259259259259259	0.26851851851851855	0.009259259259259259	0.009259259259259259	0.009259259259259259	0.08333333333333333	0.009259259259259259	0.009259259259259259	0.009259259259259259	0.009259259259259259	0.009259259259259259	0.009259259259259259	0.08333333333333333	0.19444444444444445	0.046296296296296294	0.009259259259259259
103		0.03571428571428571	0.03571428571428571	0.03571428571428571	0.03571428571428571	0.03571428571428571	0.03571428571428571	0.03571428571428571	0.03571428571428571	0.03571428571428571	0.03571428571428571	0.03571428571428571	0.03571428571428571	0.03571428571428571	0.03571428571428571	0.32142857142857145	0.03571428571428571	0.03571428571428571	0.03571428571428571	0.03571428571428571	0.03571428571428571
104	Then	0.013157894736842105	0.013157894736842105	0.17105263157894737	0.013157894736842105	0.013157894736842105	0.17105263157894737	0.013157894736842105	0.013157894736842105	0.06578947368421052	0.013157894736842105	0.013157894736842105	0.17105263157894737	0.013157894736842105	0.06578947368421052	0.013157894736842105	0.06578947368421052	0.06578947368421052	0.013157894736842105	0.013157894736842105	0.06578947368421052
105		0.03571428571428571	0.03571428571428571	0.03571428571428571	0.03571428571428571	0.03571428571428571	0.03571428571428571	0.03571428571428571	0.03571428571428571	0.17857142857142858	0.03571428571428571	0.03571428571428571	0.03571428571428571	0.03571428571428571	0.03571428571428571	0.03571428571428571	0.03571428571428571	0.03571428571428571	0.03571428571428571	0.17857142857142858	0.03571428571428571
106	Gretel	0.015625	0.015625	0.203125	0.015625	0.015625	0.140625	0.015625	0.015625	0.015625	0.015625	0.015625	0.203125	0.015625	0.078125	0.015625	0.015625	0.078125	0.015625	0.015625	0.078125
107		0.03571428571428571	0.03571428571428571	0.03571428571428571	0.03571428571428571	0.03571428571428571	0.03571428571428571	0.17857142857142858	0.03571428571428571	0.03571428571428571	0.03571428571428571	0.03571428571428571	0.03571428571428571	0.03571428571428571	0.03571428571428571	0.03571428571428571	0.03571428571428571	0.03571428571428571	0.03571428571428571	0.17857142857142858	0.03571428571428571
108	Every	0.017857142857142856	0.017857142857142856	0.017857142857142856	0.23214285714285715	0.017857142857142856	0.08928571428571429	0.08928571428571429	0.017857142857142856	0.017857142857142856	0.017857142857142856	0.017857142857142856	0.23214285714285715	0.017857142857142856	0.017857142857142856	0.017857142857142856	0.08928571428571429	0.017857142857142856	0.017857142857142856	0.017857142857142856	0.017857142857142856
109		0.03571428571428571	0.03571428571428571	0.03571428571428571	0.03571428571428571	0.03571428571428571	0.03571428571428571	0.03571428571428571	0.03571428571428571	0.03571428571428571	0.03571428571428571	0.03571428571428571	0.03571428571428571	0.03571428571428571	0.03571428571428571	0.03571428571428571	0.03571428571428571	0.32142857142857145	0.03571428571428571	0.03571428571428571	0.03571428571428571
110	But	0.014705882352941176	0.014705882352941176	0.014705882352941176	0.014705882352941176	0.014705882352941176	0.014705882352941176	0.19117647058823528	0.014705882352941176	0.014705882352941176	0.014705882352941176	0.014705882352941176	0.36764705882352944	0.014705882352941176	0.014705882352941176	0.07352941176470588	0.014705882352941176	0.014705882352941176	0.014705882352941176	0.014705882352941176	0.1323529411764706
111		0.03571428571428571	0.03571428571428571	0.03571428571428571	0.03571428571428571	0.03571428571428571	0.03571428571428571	0.03571428571428571	0.03571428571428571	0.17857142857142858	0.17857142857142858	0.03571428571428571	0.03571428571428571	0.03571428571428571	0.03571428571428571	0.03571428571428571	0.03571428571428571	0.03571428571428571	0.03571428571428571	0.03571428571428571	0.03571428571428571
112	When	0.009615384615384616	0.125	0.009615384615384616	0.009615384615384616	0.009615384615384616	0.04807692307692308	0.009615384615384616	0.009615384615384616	0.009615384615384616	0.009615384615384616	0.009615384615384616	0.47115384615384615	0.009615384615384616	0.009615384615384616	0.009615384615384616	0.04807692307692308	0.08653846153846154	0.08653846153846154	0.009615384615384616	0.009615384615384616
113		0.03571428571428571	0.03571428571428571	0.03571428571428571	0.03571428571428571	0.03571428571428571	0.03571428571428571	0.03571428571428571	0.17857142857142858	0.03571428571428571	0.03571428571428571	0.03571428571428571	0.03571428571428571	0.03571428571428571	0.03571428571428571	0.17857142857142858	0.03571428571428571	0.03571428571428571	0.03571428571428571	0.03571428571428571	0.03571428571428571
114	Oh,	0.011363636363636364	0.10227272727272728	0.011363636363636364	0.19318181818181818	0.011363636363636364	0.011363636363636364	0.011363636363636364	0.011363636363636364	0.011363636363636364	0.10227272727272728	0.10227272727272728	0.056818181818181816	0.011363636363636364	0.23863636363636365	0.011363636363636364	0.011363636363636364	0.011363636363636364	0.011363636363636364	0.011363636363636364	0.056818181818181816
115		0.03571428571428571	0.03571428571428571	0.03571428571428571	0.03571428571428571	0.03571428571428571	0.03571428571428571	0.03571428571428571	0.03571428571428571	0.03571428571428571	0.03571428571428571	0.03571428571428571	0.03571428571428571	0.03571428571428571	0.03571428571428571	0.03571428571428571	0.03571428571428571	0.03571428571428571	0.03571428571428571	0.17857142857142858	0.17857142857142858
116	"Save	0.15625	0.03125	0.03125	0.15625	0.03125	0.03125	0.03125	0.03125	0.03125	0.03125	0.03125	0.03125	0.03125	0.03125	0.03125	0.03125	0.03125	0.03125	0.03125	0.15625
117		0.03571428571428571	0.03571428571428571	0.03571428571428571	0.03571428571428571	0.03571428571428571	0.03571428571428571	0.03571428571428571	0.03571428571428571	0.03571428571428571	0.03571428571428571	0.03571428571428571	0.17857142857142858	0.03571428571428571	0.03571428571428571	0.17857142857142858	0.03571428571428571	0.03571428571428571	0.03571428571428571	0.03571428571428571	0.03571428571428571
118	The	0.019230769230769232	0.019230769230769232	0.019230769230769232	0.09615384615384616	0.17307692307692307	0.019230769230769232	0.019230769230769232	0.019230769230769232	0.019230769230769232	0.09615384615384616	0.019230769230769232	0.17307692307692307	0.17307692307692307	0.019230769230769232	0.019230769230769232	0.019230769230769232	0.019230769230769232	0.019230769230769232	0.019230769230769232	0.019230769230769232
119		0.03571428571428571	0.03571428571428571	0.17857142857142858	0.03571428571428571	0.17857142857142858	0.03571428571428571	0.03571428571428571	0.03571428571428571	0.03571428571428571	0.03571428571428571	0.03571428571428571	0.03571428571428571	0.03571428571428571	0.03571428571428571	0.03571428571428571	0.03571428571428571	0.03571428571428571	0.03571428571428571	0.03571428571428571	0.03571428571428571
120	"First	0.020833333333333332	0.020833333333333332	0.020833333333333332	0.020833333333333332	0.020833333333333332	0.10416666666666667	0.3541666666666667	0.10416666666666667	0.020833333333333332	0.020833333333333332	0.020833333333333332	0.020833333333333332	0.10416666666666667	0.020833333333333332	0.020833333333333332	0.020833333333333332	0.020833333333333332	0.020833333333333332	0.020833333333333332	0.020833333333333332
121		0.03571428571428571	0.03571428571428571	0.03571428571428571	0.17857142857142858	0.03571428571428571	0.03571428571428571	0.03571428571428571	0.03571428571428571	0.17857142857142858	0.03571428571428571	0.03571428571428571	0.03571428571428571	0.03571428571428571	0.03571428571428571	0.03571428571428571	0.03571428571428571	0.03571428571428571	0.03571428571428571	0.03571428571428571	0.03571428571428571
122	She	0.010869565217391304	0.010869565217391304	0.18478260869565216	0.05434782608695652	0.010869565217391304	0.05434782608695652	0.40217391304347827	0.010869565217391304	0.010869565217391304	0.010869565217391304	0.010869565217391304	0.05434782608695652	0.010869565217391304	0.09782608695652174	0.010869565217391304	0.010869565217391304	0.010869565217391304	0.010869565217391304	0.010869565217391304	0.010869565217391304
123		0.03571428571428571	0.03571428571428571	0.03571428571428571	0.03571428571428571	0.03571428571428571	0.32142857142857145	0.03571428571428571	0.03571428571428571	0.03571428571428571	0.03571428571428571	0.03571428571428571	0.03571428571428571	0.03571428571428571	0.03571428571428571	0.03571428571428571	0.03571428571428571	0.03571428571428571	0.03571428571428571	0.03571428571428571	0.03571428571428571
124	But	0.03125	0.03125	0.28125	0.03125	0.03125	0.03125	0.03125	0.03125	0.03125	0.03125	0.03125	0.03125	0.03125	0.03125	0.03125	0.03125	0.15625	0.03125	0.03125	0.03125
125		0.03571428571428571	0.03571428571428571	0.03571428571428571	0.03571428571428571	0.03571428571428571	0.03571428571428571	0.03571428571428571	0.03571428571428571	0.03571428571428571	0.17857142857142858	0.03571428571428571	0.03571428571428571	0.03571428571428571	0.03571428571428571	0.03571428571428571	0.03571428571428571	0.03571428571428571	0.17857142857142858	0.03571428571428571	0.03571428571428571
126	"Stupid	0.020833333333333332	0.020833333333333332	0.020833333333333332	0.020833333333333332	0.020833333333333332	0.020833333333333332	0.10416666666666667	0.10416666666666667	0.020833333333333332	0.020833333333333332	0.020833333333333332	0.10416666666666667	0.020833333333333332	0.020833333333333332	0.020833333333333332	0.3541666666666667	0.020833333333333332	0.020833333333333332	0.020833333333333332	0.020833333333333332
127		0.17857142857142858	0.03571428571428571	0.03571428571428571	0.03571428571428571	0.03571428571428571	0.03571428571428571	0.17857142857142858	0.03571428571428571	0.03571428571428571	0.03571428571428571	0.03571428571428571	0.03571428571428571	0.03571428571428571	0.03571428571428571	0.03571428571428571	0.03571428571428571	0.03571428571428571	0.03571428571428571	0.03571428571428571	0.03571428571428571
128	Then	0.09285714285714286	0.007142857142857143	0.06428571428571428	0.007142857142857143	0.007142857142857143	0.29285714285714287	0.007142857142857143	0.03571428571428571	0.007142857142857143	0.06428571428571428	0.03571428571428571	0.007142857142857143	0.007142857142857143	0.007142857142857143	0.007142857142857143	0.007142857142857143	0.007142857142857143	0.007142857142857143	0.007142857142857143	0.32142857142857145
129		0.03571428571428571	0.03571428571428571	0.03571428571428571	0.03571428571428571	0.03571428571428571	0.03571428571428571	0.03571428571428571	0.03571428571428571	0.03571428571428571	0.17857142857142858	0.03571428571428571	0.03571428571428571	0.03571428571428571	0.03571428571428571	0.03571428571428571	0.03571428571428571	0.17857142857142858	0.03571428571428571	0.03571428571428571	0.03571428571428571
130	Then	0.009615384615384616	0.2403846153846154	0.009615384615384616	0.04807692307692308	0.009615384615384616	0.009615384615384616	0.08653846153846154	0.009615384615384616	0.009615384615384616	0.009615384615384616	0.009615384615384616	0.009615384615384616	0.04807692307692308	0.009615384615384616	0.009615384615384616	0.3942307692307692	0.009615384615384616	0.009615384615384616	0.009615384615384616	0.04807692307692308
131		0.03571428571428571	0.03571428571428571	0.03571428571428571	0.17857142857142858	0.03571428571428571	0.03571428571428571	0.03571428571428571	0.03571428571428571	0.03571428571428571	0.17857142857142858	0.03571428571428571	0.03571428571428571	0.03571428571428571	0.03571428571428571	0.03571428571428571	0.03571428571428571	0.03571428571428571	0.03571428571428571	0.03571428571428571	0.03571428571428571
132	"These	0.027777777777777776	0.027777777777777776	0.027777777777777776	0.4722222222222222	0.027777777777777776	0.027777777777777776	0.027777777777777776	0.027777777777777776	0.027777777777777776	0.027777777777777776	0.027777777777777776	0.027777777777777776	0.027777777777777776	0.027777777777777776	0.027777777777777776	0.027777777777777776	0.027777777777777776	0.027777777777777776	0.027777777777777776	0.027777777777777776
133		0.03571428571428571	0.03571428571428571	0.03571428571428571	0.32142857142857145	0.03571428571428571	0.03571428571428571	0.03571428571428571	0.03571428571428571	0.03571428571428571	0.03571428571428571	0.03571428571428571	0.03571428571428571	0.03571428571428571	0.03571428571428571	0.03571428571428571	0.03571428571428571	0.03571428571428571	0.03571428571428571	0.03571428571428571	0.03571428571428571
134	Gretel	0.027777777777777776	0.027777777777777776	0.027777777777777776	0.3611111111111111	0.027777777777777776	0.027777777777777776	0.027777777777777776	0.027777777777777776	0.027777777777777776	0.027777777777777776	0.027777777777777776	0.1388888888888889	0.027777777777777776	0.027777777777777776	0.027777777777777776	0.027777777777777776	0.027777777777777776	0.027777777777777776	0.027777777777777776	0.027777777777777776
135		0.03571428571428571	0.03571428571428571	0.03571428571428571	0.03571428571428571	0.03571428571428571	0.03571428571428571	0.03571428571428571	0.03571428571428571	0.03571428571428571	0.03571428571428571	0.03571428571428571	0.03571428571428571	0.17857142857142858	0.03571428571428571	0.17857142857142858	0.03571428571428571	0.03571428571428571	0.03571428571428571	0.03571428571428571	0.03571428571428571
136	"But	0.03125	0.03125	0.03125	0.28125	0.03125	0.03125	0.03125	0.15625	0.03125	0.03125	0.03125	0.03125	0.03125	0.03125	0.03125	0.03125	0.03125	0.03125	0.03125	0.03125
137		0.03571428571428571	0.03571428571428571	0.03571428571428571	0.03571428571428571	0.03571428571428571	0.03571428571428571	0.17857142857142858	0.03571428571428571	0.03571428571428571	0.03571428571428571	0.03571428571428571	0.03571428571428571	0.03571428571428571	0.03571428571428571	0.17857142857142858	0.03571428571428571	0.03571428571428571	0.03571428571428571	0.03571428571428571	0.03571428571428571
138	After	0.019230769230769232	0.019230769230769232	0.019230769230769232	0.019230769230769232	0.019230769230769232	0.09615384615384616	0.019230769230769232	0.019230769230769232	0.09615384615384616	0.019230769230769232	0.019230769230769232	0.40384615384615385	0.09615384615384616	0.019230769230769232	0.019230769230769232	0.019230769230769232	0.019230769230769232	0.019230769230769232	0.019230769230769232	0.019230769230769232
139		0.03571428571428571	0.03571428571428571	0.03571428571428571	0.03571428571428571	0.03571428571428571	0.17857142857142858	0.03571428571428571	0.03571428571428571	0.03571428571428571	0.03571428571428571	0.03571428571428571	0.03571428571428571	0.03571428571428571	0.17857142857142858	0.03571428571428571	0.03571428571428571	0.03571428571428571	0.03571428571428571	0.03571428571428571	0.03571428571428571
140	"There	0.022727272727272728	0.022727272727272728	0.022727272727272728	0.022727272727272728	0.022727272727272728	0.022727272727272728	0.022727272727272728	0.022727272727272728	0.11363636363636363	0.022727272727272728	0.022727272727272728	0.11363636363636363	0.022727272727272728	0.022727272727272728	0.022727272727272728	0.022727272727272728	0.11363636363636363	0.29545454545454547	0.022727272727272728	0.022727272727272728
141		0.03571428571428571	0.03571428571428571	0.03571428571428571	0.03571428571428571	0.03571428571428571	0.03571428571428571	0.03571428571428571	0.17857142857142858	0.03571428571428571	0.03571428571428571	0.03571428571428571	0.03571428571428571	0.03571428571428571	0.03571428571428571	0.03571428571428571	0.03571428571428571	0.17857142857142858	0.03571428571428571	0.03571428571428571	0.03571428571428571
142	Then	0.03571428571428571	0.03571428571428571	0.17857142857142858	0.03571428571428571	0.03571428571428571	0.03571428571428571	0.03571428571428571	0.03571428571428571	0.03571428571428571	0.03571428571428571	0.03571428571428571	0.03571428571428571	0.03571428571428571	0.03571428571428571	0.03571428571428571	0.03571428571428571	0.03571428571428571	0.03571428571428571	0.03571428571428571	0.17857142857142858
143		0.17857142857142858	0.03571428571428571	0.03571428571428571	0.03571428571428571	0.03571428571428571	0.03571428571428571	0.03571428571428571	0.03571428571428571	0.03571428571428571	0.03571428571428571	0.03571428571428571	0.03571428571428571	0.03571428571428571	0.17857142857142858	0.03571428571428571	0.03571428571428571	0.03571428571428571	0.03571428571428571	0.03571428571428571	0.03571428571428571
144	Duckling,	0.03571428571428571	0.03571428571428571	0.03571428571428571	0.03571428571428571	0.03571428571428571	0.03571428571428571	0.03571428571428571	0.03571428571428571	0.17857142857142858	0.03571428571428571	0.03571428571428571	0.03571428571428571	0.03571428571428571	0.03571428571428571	0.17857142857142858	0.03571428571428571	0.03571428571428571	0.03571428571428571	0.03571428571428571	0.03571428571428571
145	Here	0.03571428571428571	0.03571428571428571	0.03571428571428571	0.17857142857142858	0.03571428571428571	0.03571428571428571	0.03571428571428571	0.03571428571428571	0.03571428571428571	0.03571428571428571	0.03571428571428571	0.17857142857142858	0.03571428571428571	0.03571428571428571	0.03571428571428571	0.03571428571428571	0.03571428571428571	0.03571428571428571	0.03571428571428571	0.03571428571428571
146	Neither	0.03571428571428571	0.03571428571428571	0.03571428571428571	0.03571428571428571	0.03571428571428571	0.03571428571428571	0.03571428571428571	0.03571428571428571	0.03571428571428571	0.03571428571428571	0.03571428571428571	0.32142857142857145	0.03571428571428571	0.03571428571428571	0.03571428571428571	0.03571428571428571	0.03571428571428571	0.03571428571428571	0.03571428571428571	0.03571428571428571
147	Take	0.03571428571428571	0.03571428571428571	0.03571428571428571	0.03571428571428571	0.03571428571428571	0.03571428571428571	0.17857142857142858	0.03571428571428571	0.03571428571428571	0.17857142857142858	0.03571428571428571	0.03571428571428571	0.03571428571428571	0.03571428571428571	0.03571428571428571	0.03571428571428571	0.03571428571428571	0.03571428571428571	0.03571428571428571	0.03571428571428571
148	The	0.025	0.025	0.025	0.325	0.025	0.025	0.025	0.125	0.025	0.025	0.025	0.025	0.025	0.025	0.025	0.025	0.125	0.025	0.025	0.025
149	"No,"	0.027777777777777776	0.027777777777777776	0.027777777777777776	0.1388888888888889	0.027777777777777776	0.027777777777777776	0.027777777777777776	0.027777777777777776	0.027777777777777776	0.027777777777777776	0.027777777777777776	0.25	0.027777777777777776	0.027777777777777776	0.027777777777777776	0.027777777777777776	0.027777777777777776	0.027777777777777776	0.027777777777777776	0.1388888888888889
150		0.03571428571428571	0.03571428571428571	0.03571428571428571	0.03571428571428571	0.17857142857142858	0.03571428571428571	0.03571428571428571	0.17857142857142858	0.03571428571428571	0.03571428571428571	0.03571428571428571	0.03571428571428571	0.03571428571428571	0.03571428571428571	0.03571428571428571	0.03571428571428571	0.03571428571428571	0.03571428571428571	0.03571428571428571	0.03571428571428571
151	That	0.01	0.37	0.13	0.01	0.01	0.01	0.01	0.01	0.01	0.01	0.21	0.01	0.01	0.09	0.01	0.01	0.05	0.01	0.01	0.01
152		0.03571428571428571	0.03571428571428571	0.17857142857142858	0.03571428571428571	0.03571428571428571	0.03571428571428571	0.03571428571428571	0.03571428571428571	0.03571428571428571	0.03571428571428571	0.03571428571428571	0.03571428571428571	0.03571428571428571	0.03571428571428571	0.17857142857142858	0.03571428571428571	0.03571428571428571	0.03571428571428571	0.03571428571428571	0.03571428571428571
153	The	0.01	0.01	0.01	0.33	0.01	0.05	0.01	0.01	0.01	0.01	0.01	0.09	0.01	0.13	0.01	0.25	0.01	0.01	0.01	0.01
154		0.17857142857142858	0.17857142857142858	0.03571428571428571	0.03571428571428571	0.03571428571428571	0.03571428571428571	0.03571428571428571	0.03571428571428571	0.03571428571428571	0.03571428571428571	0.03571428571428571	0.03571428571428571	0.03571428571428571	0.03571428571428571	0.03571428571428571	0.03571428571428571	0.03571428571428571	0.03571428571428571	0.03571428571428571	0.03571428571428571
155	Now	0.027777777777777776	0.027777777777777776	0.027777777777777776	0.027777777777777776	0.1388888888888889	0.027777777777777776	0.027777777777777776	0.027777777777777776	0.027777777777777776	0.027777777777777776	0.027777777777777776	0.027777777777777776	0.027777777777777776	0.1388888888888889	0.25	0.027777777777777776	0.027777777777777776	0.027777777777777776	0.027777777777777776	0.027777777777777776
156		0.17857142857142858	0.03571428571428571	0.03571428571428571	0.03571428571428571	0.03571428571428571	0.03571428571428571	0.03571428571428571	0.03571428571428571	0.03571428571428571	0.03571428571428571	0.03571428571428571	0.03571428571428571	0.03571428571428571	0.03571428571428571	0.03571428571428571	0.17857142857142858	0.03571428571428571	0.03571428571428571	0.03571428571428571	0.03571428571428571
157	My	0.03571428571428571	0.03571428571428571	0.03571428571428571	0.03571428571428571	0.03571428571428571	0.03571428571428571	0.17857142857142858	0.03571428571428571	0.03571428571428571	0.03571428571428571	0.03571428571428571	0.03571428571428571	0.03571428571428571	0.17857142857142858	0.03571428571428571	0.03571428571428571	0.03571428571428571	0.03571428571428571	0.03571428571428571	0.03571428571428571
158	A	0.03571428571428571	0.03571428571428571	0.03571428571428571	0.17857142857142858	0.03571428571428571	0.03571428571428571	0.03571428571428571	0.03571428571428571	0.03571428571428571	0.03571428571428571	0.03571428571428571	0.17857142857142858	0.03571428571428571	0.03571428571428571	0.03571428571428571	0.03571428571428571	0.03571428571428571	0.03571428571428571	0.03571428571428571	0.03571428571428571
159	And	0.022727272727272728	0.022727272727272728	0.022727272727272728	0.11363636363636363	0.022727272727272728	0.022727272727272728	0.022727272727272728	0.022727272727272728	0.022727272727272728	0.022727272727272728	0.022727272727272728	0.022727272727272728	0.4772727272727273	0.022727272727272728	0.022727272727272728	0.022727272727272728	0.022727272727272728	0.022727272727272728	0.022727272727272728	0.022727272727272728
160	Source:	0.009615384615384616	0.009615384615384616	0.009615384615384616	0.009615384615384616	0.009615384615384616	0.009615384615384616	0.009615384615384616	0.009615384615384616	0.625	0.009615384615384616	0.009615384615384616	0.009615384615384616	0.04807692307692308	0.009615384615384616	0.009615384615384616	0.009615384615384616	0.009615384615384616	0.009615384615384616	0.16346153846153846	0.009615384615384616
161	Translated	0.03571428571428571	0.03571428571428571	0.03571428571428571	0.03571428571428571	0.03571428571428571	0.03571428571428571	0.03571428571428571	0.03571428571428571	0.03571428571428571	0.03571428571428571	0.17857142857142858	0.03571428571428571	0.03571428571428571	0.17857142857142858	0.03571428571428571	0.03571428571428571	0.03571428571428571	0.03571428571428571	0.03571428571428571	0.03571428571428571
162	The	0.06132075471698113	0.0047169811320754715	0.04245283018867924	0.0047169811320754715	0.0047169811320754715	0.0047169811320754715	0.0047169811320754715	0.0047169811320754715	0.38207547169811323	0.0047169811320754715	0.02358490566037736	0.0047169811320754715	0.0047169811320754715	0.0047169811320754715	0.32547169811320753	0.0047169811320754715	0.0047169811320754715	0.0047169811320754715	0.09905660377358491	0.0047169811320754715
163	"Hansel	0.014705882352941176	0.014705882352941176	0.07352941176470588	0.014705882352941176	0.07352941176470588	0.014705882352941176	0.19117647058823528	0.014705882352941176	0.014705882352941176	0.014705882352941176	0.19117647058823528	0.1323529411764706	0.014705882352941176	0.014705882352941176	0.014705882352941176	0.07352941176470588	0.014705882352941176	0.014705882352941176	0.014705882352941176	0.07352941176470588
164	Another	0.011904761904761904	0.011904761904761904	0.011904761904761904	0.011904761904761904	0.011904761904761904	0.011904761904761904	0.011904761904761904	0.20238095238095238	0.10714285714285714	0.011904761904761904	0.011904761904761904	0.05952380952380952	0.011904761904761904	0.011904761904761904	0.25	0.011904761904761904	0.011904761904761904	0.011904761904761904	0.011904761904761904	0.20238095238095238
165	Translator's	0.03571428571428571	0.03571428571428571	0.17857142857142858	0.03571428571428571	0.03571428571428571	0.03571428571428571	0.03571428571428571	0.03571428571428571	0.03571428571428571	0.17857142857142858	0.03571428571428571	0.03571428571428571	0.03571428571428571	0.03571428571428571	0.03571428571428571	0.03571428571428571	0.03571428571428571	0.03571428571428571	0.03571428571428571	0.03571428571428571
166	In	0.006756756756756757	0.006756756756756757	0.006756756756756757	0.033783783783783786	0.006756756756756757	0.033783783783783786	0.033783783783783786	0.006756756756756757	0.060810810810810814	0.006756756756756757	0.006756756756756757	0.11486486486486487	0.006756756756756757	0.006756756756756757	0.006756756756756757	0.006756756756756757	0.006756756756756757	0.033783783783783786	0.6013513513513513	0.006756756756756757
167		0.03571428571428571	0.17857142857142858	0.03571428571428571	0.03571428571428571	0.03571428571428571	0.03571428571428571	0.17857142857142858	0.03571428571428571	0.03571428571428571	0.03571428571428571	0.03571428571428571	0.03571428571428571	0.03571428571428571	0.03571428571428571	0.03571428571428571	0.03571428571428571	0.03571428571428571	0.03571428571428571	0.03571428571428571	0.03571428571428571
168	The	0.1574074074074074	0.009259259259259259	0.009259259259259259	0.046296296296296294	0.3425925925925926	0.08333333333333333	0.12037037037037036	0.009259259259259259	0.009259259259259259	0.009259259259259259	0.009259259259259259	0.046296296296296294	0.046296296296296294	0.009259259259259259	0.009259259259259259	0.009259259259259259	0.009259259259259259	0.046296296296296294	0.009259259259259259	0.009259259259259259
169		0.03571428571428571	0.03571428571428571	0.17857142857142858	0.03571428571428571	0.03571428571428571	0.03571428571428571	0.03571428571428571	0.03571428571428571	0.03571428571428571	0.03571428571428571	0.03571428571428571	0.03571428571428571	0.03571428571428571	0.03571428571428571	0.03571428571428571	0.17857142857142858	0.03571428571428571	0.03571428571428571	0.03571428571428571	0.03571428571428571
170	The	0.008928571428571428	0.22321428571428573	0.044642857142857144	0.008928571428571428	0.008928571428571428	0.008928571428571428	0.008928571428571428	0.008928571428571428	0.008928571428571428	0.008928571428571428	0.008928571428571428	0.008928571428571428	0.008928571428571428	0.008928571428571428	0.22321428571428573	0.008928571428571428	0.008928571428571428	0.008928571428571428	0.29464285714285715	0.08035714285714286
171		0.03571428571428571	0.03571428571428571	0.03571428571428571	0.03571428571428571	0.03571428571428571	0.03571428571428571	0.03571428571428571	0.03571428571428571	0.03571428571428571	0.03571428571428571	0.03571428571428571	0.03571428571428571	0.03571428571428571	0.03571428571428571	0.03571428571428571	0.17857142857142858	0.03571428571428571	0.03571428571428571	0.03571428571428571	0.17857142857142858
172	The	0.0125	0.0125	0.0125	0.0625	0.3125	0.0125	0.0625	0.0125	0.2625	0.0125	0.0125	0.0125	0.0625	0.0125	0.0125	0.0125	0.0125	0.0125	0.0125	0.0625
173		0.03571428571428571	0.03571428571428571	0.03571428571428571	0.03571428571428571	0.03571428571428571	0.17857142857142858	0.03571428571428571	0.03571428571428571	0.03571428571428571	0.03571428571428571	0.03571428571428571	0.03571428571428571	0.03571428571428571	0.17857142857142858	0.03571428571428571	0.03571428571428571	0.03571428571428571	0.03571428571428571	0.03571428571428571	0.03571428571428571
174	The	0.004098360655737705	0.004098360655737705	0.004098360655737705	0.004098360655737705	0.5614754098360656	0.06967213114754098	0.004098360655737705	0.004098360655737705	0.020491803278688523	0.004098360655737705	0.020491803278688523	0.004098360655737705	0.004098360655737705	0.004098360655737705	0.004098360655737705	0.004098360655737705	0.020491803278688523	0.020491803278688523	0.10245901639344263	0.13524590163934427
175		0.03571428571428571	0.03571428571428571	0.03571428571428571	0.03571428571428571	0.03571428571428571	0.03571428571428571	0.03571428571428571	0.03571428571428571	0.03571428571428571	0.03571428571428571	0.03571428571428571	0.32142857142857145	0.03571428571428571	0.03571428571428571	0.03571428571428571	0.03571428571428571	0.03571428571428571	0.03571428571428571	0.03571428571428571	0.03571428571428571
176	Whereas	0.008333333333333333	0.008333333333333333	0.008333333333333333	0.041666666666666664	0.10833333333333334	0.008333333333333333	0.075	0.30833333333333335	0.14166666666666666	0.008333333333333333	0.008333333333333333	0.008333333333333333	0.008333333333333333	0.075	0.008333333333333333	0.14166666666666666	0.008333333333333333	0.008333333333333333	0.008333333333333333	0.008333333333333333
177		0.03571428571428571	0.03571428571428571	0.03571428571428571	0.03571428571428571	0.17857142857142858	0.03571428571428571	0.03571428571428571	0.03571428571428571	0.03571428571428571	0.03571428571428571	0.03571428571428571	0.03571428571428571	0.03571428571428571	0.03571428571428571	0.03571428571428571	0.03571428571428571	0.03571428571428571	0.03571428571428571	0.17857142857142858	0.03571428571428571
178	In	0.006756756756756757	0.033783783783783786	0.006756756756756757	0.006756756756756757	0.006756756756756757	0.08783783783783784	0.033783783783783786	0.033783783783783786	0.22297297297297297	0.006756756756756757	0.08783783783783784	0.08783783783783784	0.060810810810810814	0.060810810810810814	0.006756756756756757	0.08783783783783784	0.033783783783783786	0.006756756756756757	0.033783783783783786	0.08783783783783784
