0	53	0.03571428571428571	0.03571428571428571	0.03571428571428571	0.03571428571428571	0.03571428571428571	0.03571428571428571	0.03571428571428571	0.03571428571428571	0.32142857142857145	0.03571428571428571	0.03571428571428571	0.03571428571428571	0.03571428571428571	0.03571428571428571	0.03571428571428571	0.03571428571428571	0.03571428571428571	0.03571428571428571	0.03571428571428571	0.03571428571428571
1	Little	0.03571428571428571	0.03571428571428571	0.03571428571428571	0.03571428571428571	0.03571428571428571	0.03571428571428571	0.03571428571428571	0.17857142857142858	0.03571428571428571	0.03571428571428571	0.17857142857142858	0.03571428571428571	0.03571428571428571	0.03571428571428571	0.03571428571428571	0.03571428571428571	0.03571428571428571	0.03571428571428571	0.03571428571428571	0.03571428571428571
2	Jacob	0.03571428571428571	0.03571428571428571	0.03571428571428571	0.03571428571428571	0.03571428571428571	0.03571428571428571	0.03571428571428571	0.03571428571428571	0.03571428571428571	0.03571428571428571	0.32142857142857145	0.03571428571428571	0.03571428571428571	0.03571428571428571	0.03571428571428571	0.03571428571428571	0.03571428571428571	0.03571428571428571	0.03571428571428571	0.03571428571428571
3	Once	0.005952380952380952	0.005952380952380952	0.005952380952380952	0.005952380952380952	0.005952380952380952	0.005952380952380952	0.005952380952380952	0.005952380952380952	0.005952380952380952	0.005952380952380952	0.005952380952380952	0.6011904761904762	0.05357142857142857	0.10119047619047619	0.005952380952380952	0.005952380952380952	0.005952380952380952	0.005952380952380952	0.005952380952380952	0.1488095238095238
4	Soon	0.013157894736842105	0.013157894736842105	0.013157894736842105	0.013157894736842105	0.013157894736842105	0.013157894736842105	0.11842105263157894	0.013157894736842105	0.013157894736842105	0.013157894736842105	0.013157894736842105	0.4342105263157895	0.06578947368421052	0.013157894736842105	0.06578947368421052	0.013157894736842105	0.013157894736842105	0.013157894736842105	0.013157894736842105	0.11842105263157894
5		0.03571428571428571	0.03571428571428571	0.03571428571428571	0.03571428571428571	0.03571428571428571	0.17857142857142858	0.03571428571428571	0.03571428571428571	0.17857142857142858	0.03571428571428571	0.03571428571428571	0.03571428571428571	0.03571428571428571	0.03571428571428571	0.03571428571428571	0.03571428571428571	0.03571428571428571	0.03571428571428571	0.03571428571428571	0.03571428571428571
6	A	0.06578947368421052	0.013157894736842105	0.013157894736842105	0.27631578947368424	0.013157894736842105	0.013157894736842105	0.013157894736842105	0.013157894736842105	0.013157894736842105	0.013157894736842105	0.013157894736842105	0.11842105263157894	0.013157894736842105	0.17105263157894737	0.013157894736842105	0.06578947368421052	0.013157894736842105	0.06578947368421052	0.013157894736842105	0.06578947368421052
7		0.03571428571428571	0.03571428571428571	0.03571428571428571	0.03571428571428571	0.03571428571428571	0.03571428571428571	0.03571428571428571	0.03571428571428571	0.17857142857142858	0.03571428571428571	0.03571428571428571	0.03571428571428571	0.17857142857142858	0.03571428571428571	0.03571428571428571	0.03571428571428571	0.03571428571428571	0.03571428571428571	0.03571428571428571	0.03571428571428571
8	Mirror,	0.03571428571428571	0.03571428571428571	0.03571428571428571	0.03571428571428571	0.03571428571428571	0.03571428571428571	0.03571428571428571	0.03571428571428571	0.17857142857142858	0.03571428571428571	0.03571428571428571	0.03571428571428571	0.03571428571428571	0.17857142857142858	0.03571428571428571	0.03571428571428571	0.03571428571428571	0.03571428571428571	0.03571428571428571	0.03571428571428571
9	Who	0.03571428571428571	0.03571428571428571	0.03571428571428571	0.03571428571428571	0.32142857142857145	0.03571428571428571	0.03571428571428571	0.03571428571428571	0.03571428571428571	0.03571428571428571	0.03571428571428571	0.03571428571428571	0.03571428571428571	0.03571428571428571	0.03571428571428571	0.03571428571428571	0.03571428571428571	0.03571428571428571	0.03571428571428571	0.03571428571428571
10	To	0.03571428571428571	0.03571428571428571	0.03571428571428571	0.17857142857142858	0.03571428571428571	0.03571428571428571	0.03571428571428571	0.17857142857142858	0.03571428571428571	0.03571428571428571	0.03571428571428571	0.03571428571428571	0.03571428571428571	0.03571428571428571	0.03571428571428571	0.03571428571428571	0.03571428571428571	0.03571428571428571	0.03571428571428571	0.03571428571428571
11		0.03571428571428571	0.03571428571428571	0.03571428571428571	0.03571428571428571	0.03571428571428571	0.03571428571428571	0.17857142857142858	0.03571428571428571	0.03571428571428571	0.03571428571428571	0.03571428571428571	0.03571428571428571	0.03571428571428571	0.03571428571428571	0.03571428571428571	0.03571428571428571	0.03571428571428571	0.03571428571428571	0.03571428571428571	0.17857142857142858
12	You,	0.03571428571428571	0.03571428571428571	0.03571428571428571	0.03571428571428571	0.17857142857142858	0.03571428571428571	0.03571428571428571	0.03571428571428571	0.03571428571428571	0.03571428571428571	0.03571428571428571	0.03571428571428571	0.03571428571428571	0.03571428571428571	0.03571428571428571	0.03571428571428571	0.03571428571428571	0.03571428571428571	0.03571428571428571	0.17857142857142858
13	Then	0.025	0.025	0.025	0.325	0.025	0.025	0.025	0.025	0.125	0.025	0.025	0.025	0.025	0.025	0.025	0.125	0.025	0.025	0.025	0.025
14		0.03571428571428571	0.03571428571428571	0.03571428571428571	0.03571428571428571	0.03571428571428571	0.17857142857142858	0.03571428571428571	0.03571428571428571	0.03571428571428571	0.17857142857142858	0.03571428571428571	0.03571428571428571	0.03571428571428571	0.03571428571428571	0.03571428571428571	0.03571428571428571	0.03571428571428571	0.03571428571428571	0.03571428571428571	0.03571428571428571
15	Snow-White	0.020833333333333332	0.020833333333333332	0.020833333333333332	0.020833333333333332	0.020833333333333332	0.020833333333333332	0.020833333333333332	0.020833333333333332	0.10416666666666667	0.020833333333333332	0.020833333333333332	0.020833333333333332	0.020833333333333332	0.3541666666666667	0.020833333333333332	0.020833333333333332	0.10416666666666667	0.020833333333333332	0.020833333333333332	0.10416666666666667
16		0.03571428571428571	0.17857142857142858	0.03571428571428571	0.03571428571428571	0.03571428571428571	0.17857142857142858	0.03571428571428571	0.03571428571428571	0.03571428571428571	0.03571428571428571	0.03571428571428571	0.03571428571428571	0.03571428571428571	0.03571428571428571	0.03571428571428571	0.03571428571428571	0.03571428571428571	0.03571428571428571	0.03571428571428571	0.03571428571428571
17	One	0.03125	0.03125	0.03125	0.28125	0.03125	0.03125	0.03125	0.03125	0.03125	0.03125	0.03125	0.03125	0.03125	0.03125	0.03125	0.03125	0.03125	0.03125	0.15625	0.03125
18		0.17857142857142858	0.03571428571428571	0.03571428571428571	0.03571428571428571	0.03571428571428571	0.03571428571428571	0.03571428571428571	0.03571428571428571	0.03571428571428571	0.03571428571428571	0.03571428571428571	0.03571428571428571	0.03571428571428571	0.17857142857142858	0.03571428571428571	0.03571428571428571	0.03571428571428571	0.03571428571428571	0.03571428571428571	0.03571428571428571
19	Mirror,	0.03571428571428571	0.03571428571428571	0.03571428571428571	0.03571428571428571	0.03571428571428571	0.03571428571428571	0.03571428571428571	0.03571428571428571	0.17857142857142858	0.03571428571428571	0.03571428571428571	0.17857142857142858	0.03571428571428571	0.03571428571428571	0.03571428571428571	0.03571428571428571	0.03571428571428571	0.03571428571428571	0.03571428571428571	0.03571428571428571
20	Who	0.03571428571428571	0.03571428571428571	0.03571428571428571	0.03571428571428571	0.32142857142857145	0.03571428571428571	0.03571428571428571	0.03571428571428571	0.03571428571428571	0.03571428571428571	0.03571428571428571	0.03571428571428571	0.03571428571428571	0.03571428571428571	0.03571428571428571	0.03571428571428571	0.03571428571428571	0.03571428571428571	0.03571428571428571	0.03571428571428571
21	It	0.03571428571428571	0.03571428571428571	0.03571428571428571	0.03571428571428571	0.03571428571428571	0.03571428571428571	0.03571428571428571	0.03571428571428571	0.03571428571428571	0.17857142857142858	0.17857142857142858	0.03571428571428571	0.03571428571428571	0.03571428571428571	0.03571428571428571	0.03571428571428571	0.03571428571428571	0.03571428571428571	0.03571428571428571	0.03571428571428571
22		0.03571428571428571	0.03571428571428571	0.03571428571428571	0.03571428571428571	0.03571428571428571	0.17857142857142858	0.17857142857142858	0.03571428571428571	0.03571428571428571	0.03571428571428571	0.03571428571428571	0.03571428571428571	0.03571428571428571	0.03571428571428571	0.03571428571428571	0.03571428571428571	0.03571428571428571	0.03571428571428571	0.03571428571428571	0.03571428571428571
23	You,	0.03125	0.03125	0.03125	0.03125	0.03125	0.03125	0.03125	0.03125	0.03125	0.03125	0.03125	0.03125	0.03125	0.03125	0.03125	0.03125	0.03125	0.03125	0.40625	0.03125
24	But	0.03125	0.03125	0.03125	0.03125	0.03125	0.03125	0.03125	0.03125	0.03125	0.40625	0.03125	0.03125	0.03125	0.03125	0.03125	0.03125	0.03125	0.03125	0.03125	0.03125
25	The	0.04310344827586207	0.008620689655172414	0.008620689655172414	0.008620689655172414	0.008620689655172414	0.008620689655172414	0.008620689655172414	0.008620689655172414	0.008620689655172414	0.008620689655172414	0.008620689655172414	0.008620689655172414	0.008620689655172414	0.008620689655172414	0.008620689655172414	0.11206896551724138	0.5603448275862069	0.04310344827586207	0.008620689655172414	0.11206896551724138
26		0.03571428571428571	0.03571428571428571	0.03571428571428571	0.03571428571428571	0.03571428571428571	0.03571428571428571	0.03571428571428571	0.03571428571428571	0.03571428571428571	0.03571428571428571	0.03571428571428571	0.03571428571428571	0.03571428571428571	0.03571428571428571	0.03571428571428571	0.03571428571428571	0.03571428571428571	0.03571428571428571	0.17857142857142858	0.17857142857142858
27	Then	0.140625	0.015625	0.015625	0.015625	0.078125	0.015625	0.015625	0.015625	0.015625	0.015625	0.078125	0.078125	0.015625	0.015625	0.078125	0.078125	0.203125	0.015625	0.078125	0.015625
28		0.03571428571428571	0.03571428571428571	0.03571428571428571	0.03571428571428571	0.03571428571428571	0.03571428571428571	0.03571428571428571	0.03571428571428571	0.03571428571428571	0.17857142857142858	0.03571428571428571	0.03571428571428571	0.03571428571428571	0.17857142857142858	0.03571428571428571	0.03571428571428571	0.03571428571428571	0.03571428571428571	0.03571428571428571	0.03571428571428571
29	The	0.056818181818181816	0.011363636363636364	0.011363636363636364	0.056818181818181816	0.056818181818181816	0.011363636363636364	0.011363636363636364	0.011363636363636364	0.011363636363636364	0.056818181818181816	0.056818181818181816	0.011363636363636364	0.10227272727272728	0.011363636363636364	0.011363636363636364	0.011363636363636364	0.42045454545454547	0.011363636363636364	0.011363636363636364	0.056818181818181816
30		0.03571428571428571	0.03571428571428571	0.03571428571428571	0.17857142857142858	0.03571428571428571	0.03571428571428571	0.03571428571428571	0.03571428571428571	0.17857142857142858	0.03571428571428571	0.03571428571428571	0.03571428571428571	0.03571428571428571	0.03571428571428571	0.03571428571428571	0.03571428571428571	0.03571428571428571	0.03571428571428571	0.03571428571428571	0.03571428571428571
31	Because	0.022727272727272728	0.022727272727272728	0.11363636363636363	0.11363636363636363	0.022727272727272728	0.022727272727272728	0.022727272727272728	0.022727272727272728	0.022727272727272728	0.022727272727272728	0.022727272727272728	0.022727272727272728	0.022727272727272728	0.20454545454545456	0.022727272727272728	0.022727272727272728	0.20454545454545456	0.022727272727272728	0.022727272727272728	0.022727272727272728
32		0.03571428571428571	0.03571428571428571	0.03571428571428571	0.03571428571428571	0.17857142857142858	0.03571428571428571	0.03571428571428571	0.03571428571428571	0.17857142857142858	0.03571428571428571	0.03571428571428571	0.03571428571428571	0.03571428571428571	0.03571428571428571	0.03571428571428571	0.03571428571428571	0.03571428571428571	0.03571428571428571	0.03571428571428571	0.03571428571428571
33	He	0.020833333333333332	0.020833333333333332	0.10416666666666667	0.10416666666666667	0.020833333333333332	0.020833333333333332	0.020833333333333332	0.020833333333333332	0.020833333333333332	0.020833333333333332	0.020833333333333332	0.020833333333333332	0.10416666666666667	0.020833333333333332	0.2708333333333333	0.020833333333333332	0.10416666666666667	0.020833333333333332	0.020833333333333332	0.020833333333333332
34		0.03571428571428571	0.03571428571428571	0.03571428571428571	0.03571428571428571	0.17857142857142858	0.03571428571428571	0.17857142857142858	0.03571428571428571	0.03571428571428571	0.03571428571428571	0.03571428571428571	0.03571428571428571	0.03571428571428571	0.03571428571428571	0.03571428571428571	0.03571428571428571	0.03571428571428571	0.03571428571428571	0.03571428571428571	0.03571428571428571
35	Just	0.5089285714285714	0.008928571428571428	0.044642857142857144	0.008928571428571428	0.008928571428571428	0.008928571428571428	0.008928571428571428	0.008928571428571428	0.044642857142857144	0.008928571428571428	0.11607142857142858	0.008928571428571428	0.008928571428571428	0.008928571428571428	0.008928571428571428	0.044642857142857144	0.08035714285714286	0.008928571428571428	0.008928571428571428	0.044642857142857144
36		0.03571428571428571	0.03571428571428571	0.03571428571428571	0.03571428571428571	0.03571428571428571	0.03571428571428571	0.03571428571428571	0.03571428571428571	0.03571428571428571	0.03571428571428571	0.17857142857142858	0.03571428571428571	0.03571428571428571	0.03571428571428571	0.03571428571428571	0.03571428571428571	0.03571428571428571	0.17857142857142858	0.03571428571428571	0.03571428571428571
37	The	0.008064516129032258	0.04032258064516129	0.008064516129032258	0.008064516129032258	0.008064516129032258	0.04032258064516129	0.008064516129032258	0.008064516129032258	0.13709677419354838	0.008064516129032258	0.008064516129032258	0.008064516129032258	0.23387096774193547	0.008064516129032258	0.07258064516129033	0.008064516129032258	0.3629032258064516	0.008064516129032258	0.008064516129032258	0.008064516129032258
38		0.03571428571428571	0.03571428571428571	0.03571428571428571	0.03571428571428571	0.03571428571428571	0.03571428571428571	0.03571428571428571	0.03571428571428571	0.03571428571428571	0.03571428571428571	0.03571428571428571	0.17857142857142858	0.03571428571428571	0.03571428571428571	0.03571428571428571	0.03571428571428571	0.03571428571428571	0.03571428571428571	0.03571428571428571	0.17857142857142858
39	Inside	0.01	0.41	0.01	0.01	0.01	0.01	0.01	0.01	0.21	0.01	0.01	0.01	0.01	0.01	0.01	0.17	0.01	0.05	0.01	0.01
40		0.03571428571428571	0.17857142857142858	0.03571428571428571	0.03571428571428571	0.03571428571428571	0.03571428571428571	0.03571428571428571	0.03571428571428571	0.03571428571428571	0.03571428571428571	0.03571428571428571	0.03571428571428571	0.03571428571428571	0.17857142857142858	0.03571428571428571	0.03571428571428571	0.03571428571428571	0.03571428571428571	0.03571428571428571	0.03571428571428571
41	Because	0.04032258064516129	0.1693548387096774	0.04032258064516129	0.008064516129032258	0.04032258064516129	0.008064516129032258	0.04032258064516129	0.13709677419354838	0.008064516129032258	0.008064516129032258	0.1693548387096774	0.008064516129032258	0.10483870967741936	0.008064516129032258	0.04032258064516129	0.008064516129032258	0.008064516129032258	0.13709677419354838	0.008064516129032258	0.008064516129032258
42		0.03571428571428571	0.03571428571428571	0.03571428571428571	0.03571428571428571	0.03571428571428571	0.17857142857142858	0.03571428571428571	0.03571428571428571	0.17857142857142858	0.03571428571428571	0.03571428571428571	0.03571428571428571	0.03571428571428571	0.03571428571428571	0.03571428571428571	0.03571428571428571	0.03571428571428571	0.03571428571428571	0.03571428571428571	0.03571428571428571
43	After	0.0125	0.2625	0.0125	0.0125	0.0125	0.0125	0.1125	0.0625	0.0125	0.1625	0.0125	0.0125	0.1125	0.1125	0.0125	0.0125	0.0125	0.0125	0.0125	0.0125
44		0.17857142857142858	0.03571428571428571	0.03571428571428571	0.17857142857142858	0.03571428571428571	0.03571428571428571	0.03571428571428571	0.03571428571428571	0.03571428571428571	0.03571428571428571	0.03571428571428571	0.03571428571428571	0.03571428571428571	0.03571428571428571	0.03571428571428571	0.03571428571428571	0.03571428571428571	0.03571428571428571	0.03571428571428571	0.03571428571428571
45	The	0.03571428571428571	0.03571428571428571	0.03571428571428571	0.03571428571428571	0.17857142857142858	0.03571428571428571	0.03571428571428571	0.03571428571428571	0.03571428571428571	0.03571428571428571	0.03571428571428571	0.03571428571428571	0.03571428571428571	0.03571428571428571	0.17857142857142858	0.03571428571428571	0.03571428571428571	0.03571428571428571	0.03571428571428571	0.03571428571428571
46		0.03571428571428571	0.03571428571428571	0.03571428571428571	0.03571428571428571	0.03571428571428571	0.03571428571428571	0.03571428571428571	0.03571428571428571	0.17857142857142858	0.03571428571428571	0.03571428571428571	0.03571428571428571	0.17857142857142858	0.03571428571428571	0.03571428571428571	0.03571428571428571	0.03571428571428571	0.03571428571428571	0.03571428571428571	0.03571428571428571
47	The	0.03571428571428571	0.17857142857142858	0.03571428571428571	0.03571428571428571	0.03571428571428571	0.03571428571428571	0.03571428571428571	0.03571428571428571	0.03571428571428571	0.03571428571428571	0.17857142857142858	0.03571428571428571	0.03571428571428571	0.03571428571428571	0.03571428571428571	0.03571428571428571	0.03571428571428571	0.03571428571428571	0.03571428571428571	0.03571428571428571
48		0.17857142857142858	0.03571428571428571	0.03571428571428571	0.03571428571428571	0.03571428571428571	0.03571428571428571	0.03571428571428571	0.03571428571428571	0.17857142857142858	0.03571428571428571	0.03571428571428571	0.03571428571428571	0.03571428571428571	0.03571428571428571	0.03571428571428571	0.03571428571428571	0.03571428571428571	0.03571428571428571	0.03571428571428571	0.03571428571428571
49	The	0.03571428571428571	0.03571428571428571	0.03571428571428571	0.03571428571428571	0.03571428571428571	0.03571428571428571	0.03571428571428571	0.03571428571428571	0.03571428571428571	0.17857142857142858	0.17857142857142858	0.03571428571428571	0.03571428571428571	0.03571428571428571	0.03571428571428571	0.03571428571428571	0.03571428571428571	0.03571428571428571	0.03571428571428571	0.03571428571428571
50		0.03571428571428571	0.03571428571428571	0.03571428571428571	0.03571428571428571	0.03571428571428571	0.03571428571428571	0.03571428571428571	0.03571428571428571	0.03571428571428571	0.03571428571428571	0.17857142857142858	0.03571428571428571	0.03571428571428571	0.03571428571428571	0.03571428571428571	0.17857142857142858	0.03571428571428571	0.03571428571428571	0.03571428571428571	0.03571428571428571
51	The	0.03571428571428571	0.03571428571428571	0.03571428571428571	0.03571428571428571	0.03571428571428571	0.03571428571428571	0.03571428571428571	0.03571428571428571	0.03571428571428571	0.03571428571428571	0.17857142857142858	0.03571428571428571	0.17857142857142858	0.03571428571428571	0.03571428571428571	0.03571428571428571	0.03571428571428571	0.03571428571428571	0.03571428571428571	0.03571428571428571
52		0.03571428571428571	0.03571428571428571	0.03571428571428571	0.03571428571428571	0.03571428571428571	0.03571428571428571	0.03571428571428571	0.17857142857142858	0.03571428571428571	0.03571428571428571	0.03571428571428571	0.03571428571428571	0.17857142857142858	0.03571428571428571	0.03571428571428571	0.03571428571428571	0.03571428571428571	0.03571428571428571	0.03571428571428571	0.03571428571428571
53	The	0.03571428571428571	0.03571428571428571	0.03571428571428571	0.03571428571428571	0.17857142857142858	0.03571428571428571	0.03571428571428571	0.03571428571428571	0.03571428571428571	0.03571428571428571	0.03571428571428571	0.03571428571428571	0.03571428571428571	0.17857142857142858	0.03571428571428571	0.03571428571428571	0.03571428571428571	0.03571428571428571	0.03571428571428571	0.03571428571428571
54		0.03571428571428571	0.03571428571428571	0.03571428571428571	0.03571428571428571	0.03571428571428571	0.03571428571428571	0.03571428571428571	0.03571428571428571	0.17857142857142858	0.17857142857142858	0.03571428571428571	0.03571428571428571	0.03571428571428571	0.03571428571428571	0.03571428571428571	0.03571428571428571	0.03571428571428571	0.03571428571428571	0.03571428571428571	0.03571428571428571
55	The	0.03571428571428571	0.03571428571428571	0.03571428571428571	0.32142857142857145	0.03571428571428571	0.03571428571428571	0.03571428571428571	0.03571428571428571	0.03571428571428571	0.03571428571428571	0.03571428571428571	0.03571428571428571	0.03571428571428571	0.03571428571428571	0.03571428571428571	0.03571428571428571	0.03571428571428571	0.03571428571428571	0.03571428571428571	0.03571428571428571
56		0.03571428571428571	0.03571428571428571	0.03571428571428571	0.03571428571428571	0.03571428571428571	0.03571428571428571	0.03571428571428571	0.03571428571428571	0.03571428571428571	0.03571428571428571	0.03571428571428571	0.03571428571428571	0.17857142857142858	0.03571428571428571	0.03571428571428571	0.03571428571428571	0.03571428571428571	0.17857142857142858	0.03571428571428571	0.03571428571428571
57	The	0.03571428571428571	0.17857142857142858	0.03571428571428571	0.03571428571428571	0.03571428571428571	0.03571428571428571	0.03571428571428571	0.03571428571428571	0.03571428571428571	0.03571428571428571	0.03571428571428571	0.03571428571428571	0.03571428571428571	0.03571428571428571	0.03571428571428571	0.03571428571428571	0.03571428571428571	0.17857142857142858	0.03571428571428571	0.03571428571428571
58		0.03571428571428571	0.03571428571428571	0.03571428571428571	0.03571428571428571	0.03571428571428571	0.03571428571428571	0.03571428571428571	0.03571428571428571	0.03571428571428571	0.03571428571428571	0.03571428571428571	0.03571428571428571	0.03571428571428571	0.17857142857142858	0.17857142857142858	0.03571428571428571	0.03571428571428571	0.03571428571428571	0.03571428571428571	0.03571428571428571
59	Then	0.027777777777777776	0.25	0.027777777777777776	0.25	0.027777777777777776	0.027777777777777776	0.027777777777777776	0.027777777777777776	0.027777777777777776	0.027777777777777776	0.027777777777777776	0.027777777777777776	0.027777777777777776	0.027777777777777776	0.027777777777777776	0.027777777777777776	0.027777777777777776	0.027777777777777776	0.027777777777777776	0.027777777777777776
60		0.03571428571428571	0.03571428571428571	0.17857142857142858	0.03571428571428571	0.03571428571428571	0.03571428571428571	0.03571428571428571	0.03571428571428571	0.03571428571428571	0.03571428571428571	0.03571428571428571	0.03571428571428571	0.03571428571428571	0.03571428571428571	0.03571428571428571	0.03571428571428571	0.03571428571428571	0.03571428571428571	0.03571428571428571	0.17857142857142858
61	The	0.1388888888888889	0.027777777777777776	0.027777777777777776	0.1388888888888889	0.027777777777777776	0.027777777777777776	0.027777777777777776	0.1388888888888889	0.027777777777777776	0.027777777777777776	0.1388888888888889	0.027777777777777776	0.027777777777777776	0.027777777777777776	0.027777777777777776	0.027777777777777776	0.027777777777777776	0.027777777777777776	0.027777777777777776	0.027777777777777776
62		0.03571428571428571	0.03571428571428571	0.03571428571428571	0.03571428571428571	0.03571428571428571	0.03571428571428571	0.03571428571428571	0.03571428571428571	0.03571428571428571	0.03571428571428571	0.03571428571428571	0.03571428571428571	0.03571428571428571	0.17857142857142858	0.03571428571428571	0.03571428571428571	0.17857142857142858	0.03571428571428571	0.03571428571428571	0.03571428571428571
63	But	0.08333333333333333	0.1574074074074074	0.009259259259259259	0.009259259259259259	0.009259259259259259	0.009259259259259259	0.12037037037037036	0.009259259259259259	0.009259259259259259	0.009259259259259259	0.12037037037037036	0.009259259259259259	0.009259259259259259	0.26851851851851855	0.009259259259259259	0.009259259259259259	0.009259259259259259	0.12037037037037036	0.009259259259259259	0.009259259259259259
64		0.03571428571428571	0.03571428571428571	0.03571428571428571	0.03571428571428571	0.03571428571428571	0.03571428571428571	0.03571428571428571	0.03571428571428571	0.03571428571428571	0.03571428571428571	0.03571428571428571	0.03571428571428571	0.03571428571428571	0.03571428571428571	0.03571428571428571	0.17857142857142858	0.03571428571428571	0.17857142857142858	0.03571428571428571	0.03571428571428571
65	They	0.390625	0.078125	0.015625	0.015625	0.078125	0.015625	0.015625	0.015625	0.015625	0.015625	0.015625	0.015625	0.015625	0.015625	0.015625	0.078125	0.015625	0.078125	0.078125	0.015625
66		0.03571428571428571	0.03571428571428571	0.03571428571428571	0.03571428571428571	0.03571428571428571	0.03571428571428571	0.03571428571428571	0.03571428571428571	0.03571428571428571	0.03571428571428571	0.03571428571428571	0.03571428571428571	0.17857142857142858	0.17857142857142858	0.03571428571428571	0.03571428571428571	0.03571428571428571	0.03571428571428571	0.03571428571428571	0.03571428571428571
67	The	0.020833333333333332	0.020833333333333332	0.020833333333333332	0.3541666666666667	0.020833333333333332	0.020833333333333332	0.10416666666666667	0.020833333333333332	0.10416666666666667	0.020833333333333332	0.020833333333333332	0.020833333333333332	0.020833333333333332	0.020833333333333332	0.020833333333333332	0.020833333333333332	0.020833333333333332	0.020833333333333332	0.020833333333333332	0.10416666666666667
68		0.17857142857142858	0.03571428571428571	0.03571428571428571	0.03571428571428571	0.03571428571428571	0.03571428571428571	0.03571428571428571	0.03571428571428571	0.03571428571428571	0.03571428571428571	0.03571428571428571	0.17857142857142858	0.03571428571428571	0.03571428571428571	0.03571428571428571	0.03571428571428571	0.03571428571428571	0.03571428571428571	0.03571428571428571	0.03571428571428571
69	"My	0.03571428571428571	0.03571428571428571	0.03571428571428571	0.03571428571428571	0.03571428571428571	0.03571428571428571	0.03571428571428571	0.17857142857142858	0.03571428571428571	0.03571428571428571	0.03571428571428571	0.03571428571428571	0.03571428571428571	0.03571428571428571	0.03571428571428571	0.03571428571428571	0.03571428571428571	0.03571428571428571	0.03571428571428571	0.17857142857142858
70		0.03571428571428571	0.03571428571428571	0.03571428571428571	0.03571428571428571	0.03571428571428571	0.03571428571428571	0.03571428571428571	0.17857142857142858	0.03571428571428571	0.17857142857142858	0.03571428571428571	0.03571428571428571	0.03571428571428571	0.03571428571428571	0.03571428571428571	0.03571428571428571	0.03571428571428571	0.03571428571428571	0.03571428571428571	0.03571428571428571
71	"How	0.027777777777777776	0.1388888888888889	0.027777777777777776	0.25	0.027777777777777776	0.027777777777777776	0.1388888888888889	0.027777777777777776	0.027777777777777776	0.027777777777777776	0.027777777777777776	0.027777777777777776	0.027777777777777776	0.027777777777777776	0.027777777777777776	0.027777777777777776	0.027777777777777776	0.027777777777777776	0.027777777777777776	0.027777777777777776
72		0.03571428571428571	0.03571428571428571	0.03571428571428571	0.03571428571428571	0.17857142857142858	0.03571428571428571	0.03571428571428571	0.03571428571428571	0.03571428571428571	0.03571428571428571	0.03571428571428571	0.17857142857142858	0.03571428571428571	0.03571428571428571	0.03571428571428571	0.03571428571428571	0.03571428571428571	0.03571428571428571	0.03571428571428571	0.03571428571428571
73	Then	0.014705882352941176	0.07352941176470588	0.014705882352941176	0.014705882352941176	0.014705882352941176	0.014705882352941176	0.014705882352941176	0.1323529411764706	0.014705882352941176	0.07352941176470588	0.014705882352941176	0.014705882352941176	0.014705882352941176	0.014705882352941176	0.25	0.014705882352941176	0.19117647058823528	0.014705882352941176	0.07352941176470588	0.014705882352941176
74		0.03571428571428571	0.03571428571428571	0.03571428571428571	0.03571428571428571	0.03571428571428571	0.03571428571428571	0.03571428571428571	0.03571428571428571	0.17857142857142858	0.03571428571428571	0.17857142857142858	0.03571428571428571	0.03571428571428571	0.03571428571428571	0.03571428571428571	0.03571428571428571	0.03571428571428571	0.03571428571428571	0.03571428571428571	0.03571428571428571
75	The	0.016666666666666666	0.35	0.016666666666666666	0.016666666666666666	0.016666666666666666	0.016666666666666666	0.08333333333333333	0.016666666666666666	0.016666666666666666	0.08333333333333333	0.15	0.016666666666666666	0.016666666666666666	0.016666666666666666	0.08333333333333333	0.016666666666666666	0.016666666666666666	0.016666666666666666	0.016666666666666666	0.016666666666666666
76		0.03571428571428571	0.03571428571428571	0.03571428571428571	0.03571428571428571	0.03571428571428571	0.03571428571428571	0.17857142857142858	0.03571428571428571	0.03571428571428571	0.03571428571428571	0.03571428571428571	0.03571428571428571	0.03571428571428571	0.03571428571428571	0.03571428571428571	0.03571428571428571	0.03571428571428571	0.03571428571428571	0.03571428571428571	0.17857142857142858
77	"Yes,"	0.03571428571428571	0.03571428571428571	0.03571428571428571	0.03571428571428571	0.03571428571428571	0.03571428571428571	0.03571428571428571	0.03571428571428571	0.03571428571428571	0.03571428571428571	0.03571428571428571	0.03571428571428571	0.03571428571428571	0.03571428571428571	0.03571428571428571	0.03571428571428571	0.17857142857142858	0.17857142857142858	0.03571428571428571	0.03571428571428571
78		0.17857142857142858	0.03571428571428571	0.03571428571428571	0.03571428571428571	0.03571428571428571	0.03571428571428571	0.03571428571428571	0.03571428571428571	0.03571428571428571	0.03571428571428571	0.17857142857142858	0.03571428571428571	0.03571428571428571	0.03571428571428571	0.03571428571428571	0.03571428571428571	0.03571428571428571	0.03571428571428571	0.03571428571428571	0.03571428571428571
79	So	0.014705882352941176	0.3088235294117647	0.014705882352941176	0.07352941176470588	0.014705882352941176	0.014705882352941176	0.014705882352941176	0.014705882352941176	0.014705882352941176	0.014705882352941176	0.014705882352941176	0.014705882352941176	0.1323529411764706	0.014705882352941176	0.014705882352941176	0.014705882352941176	0.25	0.014705882352941176	0.014705882352941176	0.014705882352941176
80		0.03571428571428571	0.03571428571428571	0.03571428571428571	0.03571428571428571	0.03571428571428571	0.17857142857142858	0.03571428571428571	0.03571428571428571	0.03571428571428571	0.17857142857142858	0.03571428571428571	0.03571428571428571	0.03571428571428571	0.03571428571428571	0.03571428571428571	0.03571428571428571	0.03571428571428571	0.03571428571428571	0.03571428571428571	0.03571428571428571
81	The	0.027777777777777776	0.027777777777777776	0.027777777777777776	0.027777777777777776	0.027777777777777776	0.027777777777777776	0.027777777777777776	0.027777777777777776	0.027777777777777776	0.1388888888888889	0.027777777777777776	0.027777777777777776	0.027777777777777776	0.027777777777777776	0.1388888888888889	0.1388888888888889	0.027777777777777776	0.027777777777777776	0.027777777777777776	0.1388888888888889
82		0.03571428571428571	0.03571428571428571	0.03571428571428571	0.03571428571428571	0.03571428571428571	0.17857142857142858	0.03571428571428571	0.03571428571428571	0.17857142857142858	0.03571428571428571	0.03571428571428571	0.03571428571428571	0.03571428571428571	0.03571428571428571	0.03571428571428571	0.03571428571428571	0.03571428571428571	0.03571428571428571	0.03571428571428571	0.03571428571428571
83	Now	0.2833333333333333	0.016666666666666666	0.016666666666666666	0.15	0.016666666666666666	0.016666666666666666	0.016666666666666666	0.016666666666666666	0.016666666666666666	0.016666666666666666	0.016666666666666666	0.016666666666666666	0.016666666666666666	0.08333333333333333	0.016666666666666666	0.016666666666666666	0.016666666666666666	0.016666666666666666	0.15	0.08333333333333333
84		0.03571428571428571	0.03571428571428571	0.03571428571428571	0.03571428571428571	0.03571428571428571	0.03571428571428571	0.03571428571428571	0.32142857142857145	0.03571428571428571	0.03571428571428571	0.03571428571428571	0.03571428571428571	0.03571428571428571	0.03571428571428571	0.03571428571428571	0.03571428571428571	0.03571428571428571	0.03571428571428571	0.03571428571428571	0.03571428571428571
85	Mirror,	0.03571428571428571	0.03571428571428571	0.03571428571428571	0.03571428571428571	0.17857142857142858	0.03571428571428571	0.03571428571428571	0.03571428571428571	0.17857142857142858	0.03571428571428571	0.03571428571428571	0.03571428571428571	0.03571428571428571	0.03571428571428571	0.03571428571428571	0.03571428571428571	0.03571428571428571	0.03571428571428571	0.03571428571428571	0.03571428571428571
86	Who	0.03571428571428571	0.03571428571428571	0.03571428571428571	0.03571428571428571	0.32142857142857145	0.03571428571428571	0.03571428571428571	0.03571428571428571	0.03571428571428571	0.03571428571428571	0.03571428571428571	0.03571428571428571	0.03571428571428571	0.03571428571428571	0.03571428571428571	0.03571428571428571	0.03571428571428571	0.03571428571428571	0.03571428571428571	0.03571428571428571
87	It	0.03571428571428571	0.03571428571428571	0.03571428571428571	0.03571428571428571	0.03571428571428571	0.17857142857142858	0.03571428571428571	0.03571428571428571	0.03571428571428571	0.03571428571428571	0.03571428571428571	0.03571428571428571	0.03571428571428571	0.17857142857142858	0.03571428571428571	0.03571428571428571	0.03571428571428571	0.03571428571428571	0.03571428571428571	0.03571428571428571
88		0.17857142857142858	0.03571428571428571	0.03571428571428571	0.03571428571428571	0.03571428571428571	0.03571428571428571	0.03571428571428571	0.03571428571428571	0.17857142857142858	0.03571428571428571	0.03571428571428571	0.03571428571428571	0.03571428571428571	0.03571428571428571	0.03571428571428571	0.03571428571428571	0.03571428571428571	0.03571428571428571	0.03571428571428571	0.03571428571428571
89	You,	0.03125	0.03125	0.03125	0.03125	0.03125	0.03125	0.03125	0.03125	0.03125	0.03125	0.03125	0.03125	0.03125	0.03125	0.03125	0.03125	0.03125	0.03125	0.40625	0.03125
90	But	0.03571428571428571	0.03571428571428571	0.03571428571428571	0.17857142857142858	0.03571428571428571	0.03571428571428571	0.03571428571428571	0.03571428571428571	0.03571428571428571	0.03571428571428571	0.03571428571428571	0.03571428571428571	0.17857142857142858	0.03571428571428571	0.03571428571428571	0.03571428571428571	0.03571428571428571	0.03571428571428571	0.03571428571428571	0.03571428571428571
91	With	0.03571428571428571	0.03571428571428571	0.03571428571428571	0.03571428571428571	0.03571428571428571	0.03571428571428571	0.03571428571428571	0.03571428571428571	0.03571428571428571	0.03571428571428571	0.03571428571428571	0.03571428571428571	0.17857142857142858	0.03571428571428571	0.03571428571428571	0.03571428571428571	0.03571428571428571	0.03571428571428571	0.17857142857142858	0.03571428571428571
92	Is	0.03125	0.03125	0.03125	0.03125	0.03125	0.03125	0.03125	0.03125	0.03125	0.40625	0.03125	0.03125	0.03125	0.03125	0.03125	0.03125	0.03125	0.03125	0.03125	0.03125
93	This	0.009259259259259259	0.009259259259259259	0.046296296296296294	0.009259259259259259	0.08333333333333333	0.009259259259259259	0.046296296296296294	0.009259259259259259	0.009259259259259259	0.009259259259259259	0.009259259259259259	0.009259259259259259	0.009259259259259259	0.12037037037037036	0.1574074074074074	0.009259259259259259	0.12037037037037036	0.23148148148148148	0.009259259259259259	0.08333333333333333
94		0.03571428571428571	0.03571428571428571	0.17857142857142858	0.03571428571428571	0.03571428571428571	0.03571428571428571	0.03571428571428571	0.03571428571428571	0.03571428571428571	0.03571428571428571	0.03571428571428571	0.03571428571428571	0.03571428571428571	0.03571428571428571	0.17857142857142858	0.03571428571428571	0.03571428571428571	0.03571428571428571	0.03571428571428571	0.03571428571428571
95	At	0.011363636363636364	0.056818181818181816	0.23863636363636365	0.056818181818181816	0.011363636363636364	0.011363636363636364	0.32954545454545453	0.011363636363636364	0.011363636363636364	0.011363636363636364	0.011363636363636364	0.011363636363636364	0.011363636363636364	0.10227272727272728	0.011363636363636364	0.011363636363636364	0.011363636363636364	0.011363636363636364	0.011363636363636364	0.056818181818181816
96		0.03571428571428571	0.03571428571428571	0.03571428571428571	0.03571428571428571	0.03571428571428571	0.03571428571428571	0.03571428571428571	0.03571428571428571	0.32142857142857145	0.03571428571428571	0.03571428571428571	0.03571428571428571	0.03571428571428571	0.03571428571428571	0.03571428571428571	0.03571428571428571	0.03571428571428571	0.03571428571428571	0.03571428571428571	0.03571428571428571
97	Snow-White	0.022727272727272728	0.022727272727272728	0.022727272727272728	0.022727272727272728	0.022727272727272728	0.022727272727272728	0.20454545454545456	0.022727272727272728	0.022727272727272728	0.022727272727272728	0.022727272727272728	0.11363636363636363	0.022727272727272728	0.022727272727272728	0.022727272727272728	0.022727272727272728	0.20454545454545456	0.022727272727272728	0.022727272727272728	0.11363636363636363
98		0.03571428571428571	0.03571428571428571	0.03571428571428571	0.03571428571428571	0.03571428571428571	0.03571428571428571	0.17857142857142858	0.03571428571428571	0.03571428571428571	0.03571428571428571	0.03571428571428571	0.17857142857142858	0.03571428571428571	0.03571428571428571	0.03571428571428571	0.03571428571428571	0.03571428571428571	0.03571428571428571	0.03571428571428571	0.03571428571428571
99	"Good	0.017857142857142856	0.017857142857142856	0.017857142857142856	0.16071428571428573	0.017857142857142856	0.017857142857142856	0.23214285714285715	0.08928571428571429	0.017857142857142856	0.017857142857142856	0.08928571428571429	0.017857142857142856	0.017857142857142856	0.16071428571428573	0.017857142857142856	0.017857142857142856	0.017857142857142856	0.017857142857142856	0.017857142857142856	0.017857142857142856
100		0.03571428571428571	0.03571428571428571	0.03571428571428571	0.03571428571428571	0.03571428571428571	0.17857142857142858	0.03571428571428571	0.03571428571428571	0.03571428571428571	0.03571428571428571	0.03571428571428571	0.03571428571428571	0.03571428571428571	0.03571428571428571	0.03571428571428571	0.17857142857142858	0.03571428571428571	0.03571428571428571	0.03571428571428571	0.03571428571428571
101	"I	0.016666666666666666	0.016666666666666666	0.08333333333333333	0.016666666666666666	0.016666666666666666	0.016666666666666666	0.016666666666666666	0.016666666666666666	0.016666666666666666	0.016666666666666666	0.016666666666666666	0.016666666666666666	0.08333333333333333	0.15	0.016666666666666666	0.016666666666666666	0.016666666666666666	0.2833333333333333	0.016666666666666666	0.15
102		0.32142857142857145	0.03571428571428571	0.03571428571428571	0.03571428571428571	0.03571428571428571	0.03571428571428571	0.03571428571428571	0.03571428571428571	0.03571428571428571	0.03571428571428571	0.03571428571428571	0.03571428571428571	0.03571428571428571	0.03571428571428571	0.03571428571428571	0.03571428571428571	0.03571428571428571	0.03571428571428571	0.03571428571428571	0.03571428571428571
103	"Child,"	0.03125	0.03125	0.28125	0.03125	0.03125	0.03125	0.03125	0.03125	0.03125	0.03125	0.03125	0.03125	0.03125	0.03125	0.03125	0.03125	0.03125	0.15625	0.03125	0.03125
104		0.03571428571428571	0.03571428571428571	0.03571428571428571	0.03571428571428571	0.03571428571428571	0.17857142857142858	0.03571428571428571	0.03571428571428571	0.03571428571428571	0.03571428571428571	0.03571428571428571	0.17857142857142858	0.03571428571428571	0.03571428571428571	0.03571428571428571	0.03571428571428571	0.03571428571428571	0.03571428571428571	0.03571428571428571	0.03571428571428571
105	The	0.017857142857142856	0.017857142857142856	0.017857142857142856	0.017857142857142856	0.017857142857142856	0.017857142857142856	0.017857142857142856	0.017857142857142856	0.017857142857142856	0.017857142857142856	0.017857142857142856	0.017857142857142856	0.017857142857142856	0.017857142857142856	0.017857142857142856	0.017857142857142856	0.017857142857142856	0.5892857142857143	0.017857142857142856	0.08928571428571429
106		0.03571428571428571	0.03571428571428571	0.03571428571428571	0.17857142857142858	0.03571428571428571	0.03571428571428571	0.03571428571428571	0.03571428571428571	0.03571428571428571	0.03571428571428571	0.03571428571428571	0.03571428571428571	0.03571428571428571	0.03571428571428571	0.03571428571428571	0.03571428571428571	0.03571428571428571	0.17857142857142858	0.03571428571428571	0.03571428571428571
107	"You	0.03125	0.03125	0.15625	0.03125	0.03125	0.03125	0.03125	0.03125	0.03125	0.03125	0.03125	0.03125	0.03125	0.28125	0.03125	0.03125	0.03125	0.03125	0.03125	0.03125
108		0.03571428571428571	0.03571428571428571	0.03571428571428571	0.03571428571428571	0.03571428571428571	0.17857142857142858	0.03571428571428571	0.03571428571428571	0.03571428571428571	0.03571428571428571	0.03571428571428571	0.03571428571428571	0.03571428571428571	0.03571428571428571	0.03571428571428571	0.03571428571428571	0.03571428571428571	0.17857142857142858	0.03571428571428571	0.03571428571428571
109	Not	0.009615384615384616	0.009615384615384616	0.009615384615384616	0.009615384615384616	0.04807692307692308	0.009615384615384616	0.009615384615384616	0.009615384615384616	0.009615384615384616	0.125	0.20192307692307693	0.08653846153846154	0.009615384615384616	0.009615384615384616	0.009615384615384616	0.009615384615384616	0.16346153846153846	0.125	0.04807692307692308	0.08653846153846154
110		0.03571428571428571	0.03571428571428571	0.03571428571428571	0.03571428571428571	0.17857142857142858	0.03571428571428571	0.03571428571428571	0.03571428571428571	0.03571428571428571	0.03571428571428571	0.03571428571428571	0.03571428571428571	0.03571428571428571	0.03571428571428571	0.03571428571428571	0.03571428571428571	0.03571428571428571	0.17857142857142858	0.03571428571428571	0.03571428571428571
111	When	0.019230769230769232	0.019230769230769232	0.019230769230769232	0.019230769230769232	0.019230769230769232	0.019230769230769232	0.09615384615384616	0.019230769230769232	0.019230769230769232	0.019230769230769232	0.019230769230769232	0.019230769230769232	0.019230769230769232	0.09615384615384616	0.09615384615384616	0.09615384615384616	0.019230769230769232	0.019230769230769232	0.019230769230769232	0.3269230769230769
112		0.03571428571428571	0.03571428571428571	0.03571428571428571	0.03571428571428571	0.03571428571428571	0.03571428571428571	0.03571428571428571	0.17857142857142858	0.03571428571428571	0.03571428571428571	0.03571428571428571	0.03571428571428571	0.03571428571428571	0.03571428571428571	0.03571428571428571	0.03571428571428571	0.17857142857142858	0.03571428571428571	0.03571428571428571	0.03571428571428571
113	When	0.022727272727272728	0.022727272727272728	0.11363636363636363	0.20454545454545456	0.022727272727272728	0.022727272727272728	0.022727272727272728	0.11363636363636363	0.022727272727272728	0.022727272727272728	0.20454545454545456	0.022727272727272728	0.022727272727272728	0.022727272727272728	0.022727272727272728	0.022727272727272728	0.022727272727272728	0.022727272727272728	0.022727272727272728	0.022727272727272728
114		0.03571428571428571	0.03571428571428571	0.03571428571428571	0.03571428571428571	0.03571428571428571	0.03571428571428571	0.03571428571428571	0.03571428571428571	0.03571428571428571	0.03571428571428571	0.03571428571428571	0.03571428571428571	0.03571428571428571	0.03571428571428571	0.03571428571428571	0.03571428571428571	0.17857142857142858	0.03571428571428571	0.03571428571428571	0.17857142857142858
115	Mirror,	0.17857142857142858	0.03571428571428571	0.03571428571428571	0.03571428571428571	0.03571428571428571	0.03571428571428571	0.03571428571428571	0.03571428571428571	0.17857142857142858	0.03571428571428571	0.03571428571428571	0.03571428571428571	0.03571428571428571	0.03571428571428571	0.03571428571428571	0.03571428571428571	0.03571428571428571	0.03571428571428571	0.03571428571428571	0.03571428571428571
116	Who	0.03571428571428571	0.03571428571428571	0.03571428571428571	0.03571428571428571	0.32142857142857145	0.03571428571428571	0.03571428571428571	0.03571428571428571	0.03571428571428571	0.03571428571428571	0.03571428571428571	0.03571428571428571	0.03571428571428571	0.03571428571428571	0.03571428571428571	0.03571428571428571	0.03571428571428571	0.03571428571428571	0.03571428571428571	0.03571428571428571
117	The	0.03571428571428571	0.03571428571428571	0.03571428571428571	0.03571428571428571	0.03571428571428571	0.03571428571428571	0.03571428571428571	0.32142857142857145	0.03571428571428571	0.03571428571428571	0.03571428571428571	0.03571428571428571	0.03571428571428571	0.03571428571428571	0.03571428571428571	0.03571428571428571	0.03571428571428571	0.03571428571428571	0.03571428571428571	0.03571428571428571
118		0.03571428571428571	0.03571428571428571	0.03571428571428571	0.17857142857142858	0.03571428571428571	0.03571428571428571	0.03571428571428571	0.17857142857142858	0.03571428571428571	0.03571428571428571	0.03571428571428571	0.03571428571428571	0.03571428571428571	0.03571428571428571	0.03571428571428571	0.03571428571428571	0.03571428571428571	0.03571428571428571	0.03571428571428571	0.03571428571428571
119	You,	0.03125	0.03125	0.03125	0.03125	0.03125	0.03125	0.03125	0.03125	0.03125	0.03125	0.03125	0.03125	0.03125	0.03125	0.03125	0.03125	0.03125	0.03125	0.40625	0.03125
120	But	0.03571428571428571	0.03571428571428571	0.03571428571428571	0.03571428571428571	0.03571428571428571	0.03571428571428571	0.03571428571428571	0.03571428571428571	0.03571428571428571	0.03571428571428571	0.03571428571428571	0.03571428571428571	0.32142857142857145	0.03571428571428571	0.03571428571428571	0.03571428571428571	0.03571428571428571	0.03571428571428571	0.03571428571428571	0.03571428571428571
121	With	0.03571428571428571	0.03571428571428571	0.17857142857142858	0.03571428571428571	0.03571428571428571	0.03571428571428571	0.03571428571428571	0.03571428571428571	0.03571428571428571	0.17857142857142858	0.03571428571428571	0.03571428571428571	0.03571428571428571	0.03571428571428571	0.03571428571428571	0.03571428571428571	0.03571428571428571	0.03571428571428571	0.03571428571428571	0.03571428571428571
122	Is	0.03125	0.03125	0.03125	0.03125	0.03125	0.03125	0.03125	0.03125	0.03125	0.40625	0.03125	0.03125	0.03125	0.03125	0.03125	0.03125	0.03125	0.03125	0.03125	0.03125
123	When	0.019230769230769232	0.019230769230769232	0.019230769230769232	0.09615384615384616	0.019230769230769232	0.019230769230769232	0.019230769230769232	0.019230769230769232	0.019230769230769232	0.09615384615384616	0.019230769230769232	0.09615384615384616	0.09615384615384616	0.019230769230769232	0.019230769230769232	0.019230769230769232	0.17307692307692307	0.019230769230769232	0.019230769230769232	0.17307692307692307
124		0.03571428571428571	0.03571428571428571	0.03571428571428571	0.03571428571428571	0.03571428571428571	0.03571428571428571	0.03571428571428571	0.03571428571428571	0.03571428571428571	0.03571428571428571	0.03571428571428571	0.03571428571428571	0.17857142857142858	0.17857142857142858	0.03571428571428571	0.03571428571428571	0.03571428571428571	0.03571428571428571	0.03571428571428571	0.03571428571428571
125	"This	0.17857142857142858	0.03571428571428571	0.03571428571428571	0.03571428571428571	0.03571428571428571	0.17857142857142858	0.03571428571428571	0.03571428571428571	0.03571428571428571	0.03571428571428571	0.03571428571428571	0.03571428571428571	0.03571428571428571	0.03571428571428571	0.03571428571428571	0.03571428571428571	0.03571428571428571	0.03571428571428571	0.03571428571428571	0.03571428571428571
126		0.03571428571428571	0.03571428571428571	0.03571428571428571	0.03571428571428571	0.03571428571428571	0.03571428571428571	0.03571428571428571	0.03571428571428571	0.03571428571428571	0.03571428571428571	0.03571428571428571	0.03571428571428571	0.03571428571428571	0.17857142857142858	0.03571428571428571	0.03571428571428571	0.03571428571428571	0.03571428571428571	0.17857142857142858	0.03571428571428571
127	Then	0.010416666666666666	0.010416666666666666	0.21875	0.010416666666666666	0.010416666666666666	0.010416666666666666	0.4270833333333333	0.010416666666666666	0.010416666666666666	0.010416666666666666	0.010416666666666666	0.010416666666666666	0.17708333333333334	0.010416666666666666	0.010416666666666666	0.010416666666666666	0.010416666666666666	0.010416666666666666	0.010416666666666666	0.010416666666666666
128		0.03571428571428571	0.03571428571428571	0.03571428571428571	0.03571428571428571	0.03571428571428571	0.03571428571428571	0.03571428571428571	0.03571428571428571	0.17857142857142858	0.17857142857142858	0.03571428571428571	0.03571428571428571	0.03571428571428571	0.03571428571428571	0.03571428571428571	0.03571428571428571	0.03571428571428571	0.03571428571428571	0.03571428571428571	0.03571428571428571
129	Snow-White	0.03571428571428571	0.03571428571428571	0.03571428571428571	0.03571428571428571	0.03571428571428571	0.03571428571428571	0.17857142857142858	0.03571428571428571	0.03571428571428571	0.03571428571428571	0.03571428571428571	0.03571428571428571	0.03571428571428571	0.03571428571428571	0.03571428571428571	0.03571428571428571	0.17857142857142858	0.03571428571428571	0.03571428571428571	0.03571428571428571
130		0.03571428571428571	0.03571428571428571	0.03571428571428571	0.03571428571428571	0.03571428571428571	0.03571428571428571	0.03571428571428571	0.03571428571428571	0.03571428571428571	0.03571428571428571	0.03571428571428571	0.03571428571428571	0.17857142857142858	0.03571428571428571	0.03571428571428571	0.03571428571428571	0.03571428571428571	0.03571428571428571	0.17857142857142858	0.03571428571428571
131	"You	0.08928571428571429	0.017857142857142856	0.375	0.017857142857142856	0.017857142857142856	0.017857142857142856	0.017857142857142856	0.017857142857142856	0.017857142857142856	0.23214285714285715	0.017857142857142856	0.017857142857142856	0.017857142857142856	0.017857142857142856	0.017857142857142856	0.017857142857142856	0.017857142857142856	0.017857142857142856	0.017857142857142856	0.017857142857142856
132		0.03571428571428571	0.03571428571428571	0.03571428571428571	0.03571428571428571	0.17857142857142858	0.17857142857142858	0.03571428571428571	0.03571428571428571	0.03571428571428571	0.03571428571428571	0.03571428571428571	0.03571428571428571	0.03571428571428571	0.03571428571428571	0.03571428571428571	0.03571428571428571	0.03571428571428571	0.03571428571428571	0.03571428571428571	0.03571428571428571
133	After	0.022727272727272728	0.022727272727272728	0.29545454545454547	0.022727272727272728	0.022727272727272728	0.022727272727272728	0.022727272727272728	0.022727272727272728	0.022727272727272728	0.022727272727272728	0.022727272727272728	0.022727272727272728	0.022727272727272728	0.20454545454545456	0.11363636363636363	0.022727272727272728	0.022727272727272728	0.022727272727272728	0.022727272727272728	0.022727272727272728
134		0.03571428571428571	0.03571428571428571	0.03571428571428571	0.03571428571428571	0.17857142857142858	0.03571428571428571	0.03571428571428571	0.03571428571428571	0.03571428571428571	0.03571428571428571	0.03571428571428571	0.03571428571428571	0.03571428571428571	0.17857142857142858	0.03571428571428571	0.03571428571428571	0.03571428571428571	0.03571428571428571	0.03571428571428571	0.03571428571428571
135	She	0.08333333333333333	0.016666666666666666	0.2833333333333333	0.016666666666666666	0.016666666666666666	0.016666666666666666	0.016666666666666666	0.016666666666666666	0.016666666666666666	0.016666666666666666	0.016666666666666666	0.016666666666666666	0.08333333333333333	0.15	0.016666666666666666	0.016666666666666666	0.08333333333333333	0.016666666666666666	0.016666666666666666	0.08333333333333333
136		0.03571428571428571	0.03571428571428571	0.03571428571428571	0.03571428571428571	0.03571428571428571	0.03571428571428571	0.17857142857142858	0.03571428571428571	0.03571428571428571	0.03571428571428571	0.03571428571428571	0.03571428571428571	0.17857142857142858	0.03571428571428571	0.03571428571428571	0.03571428571428571	0.03571428571428571	0.03571428571428571	0.03571428571428571	0.03571428571428571
137	"You	0.025	0.025	0.025	0.025	0.025	0.025	0.025	0.025	0.025	0.025	0.125	0.325	0.025	0.025	0.025	0.025	0.025	0.025	0.025	0.125
138		0.03571428571428571	0.03571428571428571	0.03571428571428571	0.17857142857142858	0.03571428571428571	0.03571428571428571	0.03571428571428571	0.03571428571428571	0.03571428571428571	0.17857142857142858	0.03571428571428571	0.03571428571428571	0.03571428571428571	0.03571428571428571	0.03571428571428571	0.03571428571428571	0.03571428571428571	0.03571428571428571	0.03571428571428571	0.03571428571428571
139	Fortunately	0.008928571428571428	0.008928571428571428	0.15178571428571427	0.008928571428571428	0.008928571428571428	0.008928571428571428	0.008928571428571428	0.08035714285714286	0.008928571428571428	0.008928571428571428	0.36607142857142855	0.008928571428571428	0.008928571428571428	0.008928571428571428	0.08035714285714286	0.044642857142857144	0.008928571428571428	0.15178571428571427	0.008928571428571428	0.008928571428571428
140		0.17857142857142858	0.03571428571428571	0.03571428571428571	0.03571428571428571	0.03571428571428571	0.03571428571428571	0.03571428571428571	0.03571428571428571	0.03571428571428571	0.03571428571428571	0.03571428571428571	0.03571428571428571	0.03571428571428571	0.03571428571428571	0.03571428571428571	0.03571428571428571	0.03571428571428571	0.03571428571428571	0.03571428571428571	0.17857142857142858
141	Back	0.027777777777777776	0.1388888888888889	0.027777777777777776	0.25	0.027777777777777776	0.027777777777777776	0.027777777777777776	0.027777777777777776	0.027777777777777776	0.027777777777777776	0.027777777777777776	0.027777777777777776	0.027777777777777776	0.027777777777777776	0.027777777777777776	0.027777777777777776	0.027777777777777776	0.027777777777777776	0.1388888888888889	0.027777777777777776
142		0.03571428571428571	0.03571428571428571	0.03571428571428571	0.03571428571428571	0.03571428571428571	0.03571428571428571	0.03571428571428571	0.17857142857142858	0.03571428571428571	0.03571428571428571	0.03571428571428571	0.03571428571428571	0.03571428571428571	0.03571428571428571	0.03571428571428571	0.03571428571428571	0.17857142857142858	0.03571428571428571	0.03571428571428571	0.03571428571428571
143	Mirror,	0.03571428571428571	0.03571428571428571	0.03571428571428571	0.03571428571428571	0.03571428571428571	0.03571428571428571	0.03571428571428571	0.17857142857142858	0.17857142857142858	0.03571428571428571	0.03571428571428571	0.03571428571428571	0.03571428571428571	0.03571428571428571	0.03571428571428571	0.03571428571428571	0.03571428571428571	0.03571428571428571	0.03571428571428571	0.03571428571428571
144	Who	0.03571428571428571	0.03571428571428571	0.03571428571428571	0.03571428571428571	0.32142857142857145	0.03571428571428571	0.03571428571428571	0.03571428571428571	0.03571428571428571	0.03571428571428571	0.03571428571428571	0.03571428571428571	0.03571428571428571	0.03571428571428571	0.03571428571428571	0.03571428571428571	0.03571428571428571	0.03571428571428571	0.03571428571428571	0.03571428571428571
145	The	0.03571428571428571	0.03571428571428571	0.03571428571428571	0.17857142857142858	0.03571428571428571	0.03571428571428571	0.03571428571428571	0.17857142857142858	0.03571428571428571	0.03571428571428571	0.03571428571428571	0.03571428571428571	0.03571428571428571	0.03571428571428571	0.03571428571428571	0.03571428571428571	0.03571428571428571	0.03571428571428571	0.03571428571428571	0.03571428571428571
146		0.03571428571428571	0.03571428571428571	0.03571428571428571	0.03571428571428571	0.03571428571428571	0.03571428571428571	0.03571428571428571	0.03571428571428571	0.03571428571428571	0.17857142857142858	0.17857142857142858	0.03571428571428571	0.03571428571428571	0.03571428571428571	0.03571428571428571	0.03571428571428571	0.03571428571428571	0.03571428571428571	0.03571428571428571	0.03571428571428571
147	You,	0.03125	0.03125	0.03125	0.03125	0.03125	0.03125	0.03125	0.03125	0.03125	0.03125	0.03125	0.03125	0.03125	0.03125	0.03125	0.03125	0.03125	0.03125	0.28125	0.15625
148	But	0.03571428571428571	0.03571428571428571	0.03571428571428571	0.03571428571428571	0.17857142857142858	0.03571428571428571	0.03571428571428571	0.03571428571428571	0.03571428571428571	0.03571428571428571	0.17857142857142858	0.03571428571428571	0.03571428571428571	0.03571428571428571	0.03571428571428571	0.03571428571428571	0.03571428571428571	0.03571428571428571	0.03571428571428571	0.03571428571428571
149	With	0.03571428571428571	0.03571428571428571	0.03571428571428571	0.03571428571428571	0.03571428571428571	0.03571428571428571	0.17857142857142858	0.03571428571428571	0.03571428571428571	0.03571428571428571	0.03571428571428571	0.03571428571428571	0.03571428571428571	0.17857142857142858	0.03571428571428571	0.03571428571428571	0.03571428571428571	0.03571428571428571	0.03571428571428571	0.03571428571428571
150	Is	0.03125	0.03125	0.03125	0.03125	0.03125	0.03125	0.03125	0.03125	0.03125	0.40625	0.03125	0.03125	0.03125	0.03125	0.03125	0.03125	0.03125	0.03125	0.03125	0.03125
151	When	0.015625	0.015625	0.015625	0.203125	0.015625	0.015625	0.015625	0.078125	0.015625	0.203125	0.015625	0.015625	0.015625	0.015625	0.015625	0.015625	0.015625	0.015625	0.015625	0.265625
152		0.03571428571428571	0.03571428571428571	0.03571428571428571	0.03571428571428571	0.03571428571428571	0.03571428571428571	0.03571428571428571	0.17857142857142858	0.03571428571428571	0.03571428571428571	0.03571428571428571	0.03571428571428571	0.03571428571428571	0.03571428571428571	0.03571428571428571	0.03571428571428571	0.17857142857142858	0.03571428571428571	0.03571428571428571	0.03571428571428571
153	Then	0.008620689655172414	0.008620689655172414	0.4224137931034483	0.04310344827586207	0.008620689655172414	0.008620689655172414	0.1810344827586207	0.008620689655172414	0.008620689655172414	0.008620689655172414	0.008620689655172414	0.07758620689655173	0.04310344827586207	0.008620689655172414	0.11206896551724138	0.008620689655172414	0.008620689655172414	0.008620689655172414	0.008620689655172414	0.008620689655172414
154		0.03571428571428571	0.03571428571428571	0.03571428571428571	0.03571428571428571	0.03571428571428571	0.03571428571428571	0.03571428571428571	0.03571428571428571	0.03571428571428571	0.03571428571428571	0.03571428571428571	0.17857142857142858	0.03571428571428571	0.03571428571428571	0.03571428571428571	0.03571428571428571	0.03571428571428571	0.03571428571428571	0.03571428571428571	0.17857142857142858
155	Snow-White	0.025	0.025	0.025	0.025	0.025	0.025	0.225	0.025	0.025	0.125	0.025	0.125	0.125	0.025	0.025	0.025	0.025	0.025	0.025	0.025
156		0.03571428571428571	0.03571428571428571	0.03571428571428571	0.03571428571428571	0.03571428571428571	0.03571428571428571	0.03571428571428571	0.03571428571428571	0.03571428571428571	0.03571428571428571	0.03571428571428571	0.03571428571428571	0.03571428571428571	0.03571428571428571	0.03571428571428571	0.17857142857142858	0.17857142857142858	0.03571428571428571	0.03571428571428571	0.03571428571428571
157	"That	0.017857142857142856	0.017857142857142856	0.375	0.017857142857142856	0.017857142857142856	0.017857142857142856	0.017857142857142856	0.08928571428571429	0.017857142857142856	0.08928571428571429	0.017857142857142856	0.017857142857142856	0.08928571428571429	0.017857142857142856	0.017857142857142856	0.017857142857142856	0.017857142857142856	0.08928571428571429	0.017857142857142856	0.017857142857142856
158		0.03571428571428571	0.03571428571428571	0.03571428571428571	0.03571428571428571	0.03571428571428571	0.03571428571428571	0.03571428571428571	0.03571428571428571	0.03571428571428571	0.03571428571428571	0.03571428571428571	0.03571428571428571	0.03571428571428571	0.03571428571428571	0.03571428571428571	0.03571428571428571	0.17857142857142858	0.17857142857142858	0.03571428571428571	0.03571428571428571
159	"No,"	0.03571428571428571	0.03571428571428571	0.03571428571428571	0.03571428571428571	0.03571428571428571	0.03571428571428571	0.17857142857142858	0.03571428571428571	0.03571428571428571	0.03571428571428571	0.03571428571428571	0.03571428571428571	0.03571428571428571	0.03571428571428571	0.03571428571428571	0.03571428571428571	0.03571428571428571	0.03571428571428571	0.03571428571428571	0.17857142857142858
160		0.03571428571428571	0.03571428571428571	0.03571428571428571	0.03571428571428571	0.03571428571428571	0.03571428571428571	0.03571428571428571	0.03571428571428571	0.03571428571428571	0.03571428571428571	0.03571428571428571	0.03571428571428571	0.17857142857142858	0.03571428571428571	0.03571428571428571	0.17857142857142858	0.03571428571428571	0.03571428571428571	0.03571428571428571	0.03571428571428571
161	"Are	0.013888888888888888	0.06944444444444445	0.4583333333333333	0.125	0.013888888888888888	0.013888888888888888	0.013888888888888888	0.013888888888888888	0.013888888888888888	0.013888888888888888	0.06944444444444445	0.013888888888888888	0.013888888888888888	0.013888888888888888	0.06944444444444445	0.013888888888888888	0.013888888888888888	0.013888888888888888	0.013888888888888888	0.013888888888888888
162		0.03571428571428571	0.17857142857142858	0.03571428571428571	0.03571428571428571	0.03571428571428571	0.03571428571428571	0.03571428571428571	0.03571428571428571	0.03571428571428571	0.03571428571428571	0.03571428571428571	0.03571428571428571	0.03571428571428571	0.03571428571428571	0.03571428571428571	0.03571428571428571	0.03571428571428571	0.03571428571428571	0.17857142857142858	0.03571428571428571
163	Now	0.008064516129032258	0.008064516129032258	0.4274193548387097	0.10483870967741936	0.008064516129032258	0.008064516129032258	0.008064516129032258	0.008064516129032258	0.008064516129032258	0.008064516129032258	0.10483870967741936	0.008064516129032258	0.04032258064516129	0.07258064516129033	0.008064516129032258	0.008064516129032258	0.008064516129032258	0.008064516129032258	0.008064516129032258	0.13709677419354838
164		0.03571428571428571	0.03571428571428571	0.03571428571428571	0.03571428571428571	0.03571428571428571	0.03571428571428571	0.03571428571428571	0.03571428571428571	0.03571428571428571	0.03571428571428571	0.17857142857142858	0.03571428571428571	0.03571428571428571	0.03571428571428571	0.03571428571428571	0.03571428571428571	0.17857142857142858	0.03571428571428571	0.03571428571428571	0.03571428571428571
165	The	0.0125	0.0125	0.0125	0.0125	0.0125	0.0125	0.0125	0.0625	0.0125	0.1125	0.0125	0.5125	0.0125	0.0125	0.0125	0.0125	0.0125	0.0125	0.0125	0.1125
166		0.03571428571428571	0.03571428571428571	0.17857142857142858	0.03571428571428571	0.03571428571428571	0.03571428571428571	0.03571428571428571	0.03571428571428571	0.03571428571428571	0.03571428571428571	0.17857142857142858	0.03571428571428571	0.03571428571428571	0.03571428571428571	0.03571428571428571	0.03571428571428571	0.03571428571428571	0.03571428571428571	0.03571428571428571	0.03571428571428571
167	Back	0.03125	0.15625	0.03125	0.28125	0.03125	0.03125	0.03125	0.03125	0.03125	0.03125	0.03125	0.03125	0.03125	0.03125	0.03125	0.03125	0.03125	0.03125	0.03125	0.03125
168		0.17857142857142858	0.03571428571428571	0.03571428571428571	0.03571428571428571	0.03571428571428571	0.03571428571428571	0.03571428571428571	0.03571428571428571	0.17857142857142858	0.03571428571428571	0.03571428571428571	0.03571428571428571	0.03571428571428571	0.03571428571428571	0.03571428571428571	0.03571428571428571	0.03571428571428571	0.03571428571428571	0.03571428571428571	0.03571428571428571
169	Mirror,	0.03571428571428571	0.03571428571428571	0.03571428571428571	0.03571428571428571	0.03571428571428571	0.03571428571428571	0.03571428571428571	0.03571428571428571	0.17857142857142858	0.03571428571428571	0.03571428571428571	0.03571428571428571	0.17857142857142858	0.03571428571428571	0.03571428571428571	0.03571428571428571	0.03571428571428571	0.03571428571428571	0.03571428571428571	0.03571428571428571
170	Who	0.03571428571428571	0.03571428571428571	0.03571428571428571	0.03571428571428571	0.32142857142857145	0.03571428571428571	0.03571428571428571	0.03571428571428571	0.03571428571428571	0.03571428571428571	0.03571428571428571	0.03571428571428571	0.03571428571428571	0.03571428571428571	0.03571428571428571	0.03571428571428571	0.03571428571428571	0.03571428571428571	0.03571428571428571	0.03571428571428571
171	It	0.03571428571428571	0.03571428571428571	0.03571428571428571	0.03571428571428571	0.03571428571428571	0.03571428571428571	0.03571428571428571	0.17857142857142858	0.03571428571428571	0.03571428571428571	0.03571428571428571	0.03571428571428571	0.03571428571428571	0.17857142857142858	0.03571428571428571	0.03571428571428571	0.03571428571428571	0.03571428571428571	0.03571428571428571	0.03571428571428571
172		0.03571428571428571	0.03571428571428571	0.17857142857142858	0.03571428571428571	0.03571428571428571	0.03571428571428571	0.03571428571428571	0.03571428571428571	0.03571428571428571	0.03571428571428571	0.03571428571428571	0.03571428571428571	0.03571428571428571	0.03571428571428571	0.17857142857142858	0.03571428571428571	0.03571428571428571	0.03571428571428571	0.03571428571428571	0.03571428571428571
173	You,	0.03571428571428571	0.03571428571428571	0.03571428571428571	0.03571428571428571	0.17857142857142858	0.03571428571428571	0.03571428571428571	0.03571428571428571	0.03571428571428571	0.03571428571428571	0.03571428571428571	0.03571428571428571	0.03571428571428571	0.03571428571428571	0.03571428571428571	0.03571428571428571	0.03571428571428571	0.03571428571428571	0.17857142857142858	0.03571428571428571
174	Then	0.022727272727272728	0.022727272727272728	0.022727272727272728	0.022727272727272728	0.022727272727272728	0.022727272727272728	0.022727272727272728	0.022727272727272728	0.022727272727272728	0.022727272727272728	0.022727272727272728	0.022727272727272728	0.022727272727272728	0.022727272727272728	0.022727272727272728	0.022727272727272728	0.5681818181818182	0.022727272727272728	0.022727272727272728	0.022727272727272728
175		0.03571428571428571	0.03571428571428571	0.03571428571428571	0.03571428571428571	0.17857142857142858	0.03571428571428571	0.03571428571428571	0.03571428571428571	0.03571428571428571	0.03571428571428571	0.03571428571428571	0.03571428571428571	0.03571428571428571	0.17857142857142858	0.03571428571428571	0.03571428571428571	0.03571428571428571	0.03571428571428571	0.03571428571428571	0.03571428571428571
176	When	0.005681818181818182	0.005681818181818182	0.005681818181818182	0.005681818181818182	0.005681818181818182	0.005681818181818182	0.005681818181818182	0.005681818181818182	0.005681818181818182	0.005681818181818182	0.3693181818181818	0.11931818181818182	0.028409090909090908	0.11931818181818182	0.028409090909090908	0.005681818181818182	0.09659090909090909	0.005681818181818182	0.005681818181818182	0.16477272727272727
177		0.17857142857142858	0.03571428571428571	0.03571428571428571	0.03571428571428571	0.03571428571428571	0.03571428571428571	0.03571428571428571	0.03571428571428571	0.03571428571428571	0.03571428571428571	0.03571428571428571	0.03571428571428571	0.03571428571428571	0.03571428571428571	0.03571428571428571	0.17857142857142858	0.03571428571428571	0.03571428571428571	0.03571428571428571	0.03571428571428571
178	They	0.04032258064516129	0.008064516129032258	0.008064516129032258	0.008064516129032258	0.008064516129032258	0.008064516129032258	0.008064516129032258	0.008064516129032258	0.04032258064516129	0.04032258064516129	0.13709677419354838	0.04032258064516129	0.008064516129032258	0.008064516129032258	0.23387096774193547	0.3629032258064516	0.008064516129032258	0.008064516129032258	0.008064516129032258	0.008064516129032258
179		0.03571428571428571	0.03571428571428571	0.03571428571428571	0.03571428571428571	0.03571428571428571	0.03571428571428571	0.03571428571428571	0.03571428571428571	0.03571428571428571	0.17857142857142858	0.03571428571428571	0.03571428571428571	0.03571428571428571	0.03571428571428571	0.03571428571428571	0.03571428571428571	0.03571428571428571	0.03571428571428571	0.03571428571428571	0.17857142857142858
180	Snow-White	0.013157894736842105	0.013157894736842105	0.013157894736842105	0.013157894736842105	0.013157894736842105	0.013157894736842105	0.013157894736842105	0.013157894736842105	0.013157894736842105	0.013157894736842105	0.013157894736842105	0.4342105263157895	0.11842105263157894	0.013157894736842105	0.013157894736842105	0.06578947368421052	0.013157894736842105	0.17105263157894737	0.013157894736842105	0.013157894736842105
181		0.03571428571428571	0.03571428571428571	0.03571428571428571	0.03571428571428571	0.03571428571428571	0.03571428571428571	0.03571428571428571	0.03571428571428571	0.03571428571428571	0.03571428571428571	0.03571428571428571	0.03571428571428571	0.03571428571428571	0.03571428571428571	0.03571428571428571	0.17857142857142858	0.03571428571428571	0.03571428571428571	0.03571428571428571	0.17857142857142858
182	Now	0.010869565217391304	0.09782608695652174	0.010869565217391304	0.010869565217391304	0.010869565217391304	0.010869565217391304	0.010869565217391304	0.010869565217391304	0.010869565217391304	0.05434782608695652	0.010869565217391304	0.010869565217391304	0.010869565217391304	0.05434782608695652	0.010869565217391304	0.6195652173913043	0.010869565217391304	0.010869565217391304	0.010869565217391304	0.010869565217391304
183		0.03571428571428571	0.03571428571428571	0.03571428571428571	0.03571428571428571	0.03571428571428571	0.03571428571428571	0.17857142857142858	0.03571428571428571	0.03571428571428571	0.03571428571428571	0.03571428571428571	0.03571428571428571	0.03571428571428571	0.03571428571428571	0.03571428571428571	0.03571428571428571	0.03571428571428571	0.17857142857142858	0.03571428571428571	0.03571428571428571
184	Then	0.03125	0.03125	0.03125	0.03125	0.03125	0.03125	0.15625	0.03125	0.03125	0.03125	0.03125	0.03125	0.03125	0.03125	0.03125	0.15625	0.03125	0.15625	0.03125	0.03125
185		0.03571428571428571	0.17857142857142858	0.03571428571428571	0.03571428571428571	0.03571428571428571	0.03571428571428571	0.03571428571428571	0.03571428571428571	0.03571428571428571	0.03571428571428571	0.03571428571428571	0.03571428571428571	0.03571428571428571	0.17857142857142858	0.03571428571428571	0.03571428571428571	0.03571428571428571	0.03571428571428571	0.03571428571428571	0.03571428571428571
186	But	0.025	0.125	0.025	0.025	0.025	0.025	0.025	0.325	0.025	0.125	0.025	0.025	0.025	0.025	0.025	0.025	0.025	0.025	0.025	0.025
187		0.03571428571428571	0.03571428571428571	0.03571428571428571	0.03571428571428571	0.03571428571428571	0.03571428571428571	0.03571428571428571	0.03571428571428571	0.03571428571428571	0.03571428571428571	0.03571428571428571	0.03571428571428571	0.03571428571428571	0.17857142857142858	0.03571428571428571	0.03571428571428571	0.17857142857142858	0.03571428571428571	0.03571428571428571	0.03571428571428571
188	Then	0.11363636363636363	0.022727272727272728	0.022727272727272728	0.022727272727272728	0.022727272727272728	0.022727272727272728	0.022727272727272728	0.022727272727272728	0.022727272727272728	0.022727272727272728	0.022727272727272728	0.022727272727272728	0.20454545454545456	0.022727272727272728	0.022727272727272728	0.022727272727272728	0.022727272727272728	0.20454545454545456	0.11363636363636363	0.022727272727272728
189		0.03571428571428571	0.03571428571428571	0.17857142857142858	0.03571428571428571	0.03571428571428571	0.03571428571428571	0.03571428571428571	0.03571428571428571	0.03571428571428571	0.03571428571428571	0.17857142857142858	0.03571428571428571	0.03571428571428571	0.03571428571428571	0.03571428571428571	0.03571428571428571	0.03571428571428571	0.03571428571428571	0.03571428571428571	0.03571428571428571
190	As	0.03571428571428571	0.007142857142857143	0.09285714285714286	0.007142857142857143	0.09285714285714286	0.007142857142857143	0.20714285714285716	0.007142857142857143	0.007142857142857143	0.007142857142857143	0.007142857142857143	0.007142857142857143	0.007142857142857143	0.03571428571428571	0.007142857142857143	0.32142857142857145	0.007142857142857143	0.03571428571428571	0.007142857142857143	0.09285714285714286
191		0.03571428571428571	0.03571428571428571	0.03571428571428571	0.03571428571428571	0.03571428571428571	0.03571428571428571	0.03571428571428571	0.03571428571428571	0.03571428571428571	0.03571428571428571	0.03571428571428571	0.03571428571428571	0.17857142857142858	0.03571428571428571	0.03571428571428571	0.03571428571428571	0.17857142857142858	0.03571428571428571	0.03571428571428571	0.03571428571428571
192	"Good	0.03571428571428571	0.03571428571428571	0.03571428571428571	0.03571428571428571	0.03571428571428571	0.03571428571428571	0.03571428571428571	0.03571428571428571	0.03571428571428571	0.03571428571428571	0.03571428571428571	0.03571428571428571	0.03571428571428571	0.17857142857142858	0.03571428571428571	0.03571428571428571	0.03571428571428571	0.17857142857142858	0.03571428571428571	0.03571428571428571
193		0.03571428571428571	0.03571428571428571	0.17857142857142858	0.03571428571428571	0.03571428571428571	0.03571428571428571	0.03571428571428571	0.03571428571428571	0.03571428571428571	0.03571428571428571	0.03571428571428571	0.03571428571428571	0.03571428571428571	0.17857142857142858	0.03571428571428571	0.03571428571428571	0.03571428571428571	0.03571428571428571	0.03571428571428571	0.03571428571428571
194	The	0.0625	0.0125	0.0125	0.0125	0.0125	0.0125	0.0125	0.3125	0.0125	0.0125	0.0125	0.0125	0.0125	0.0625	0.0125	0.1625	0.0625	0.0125	0.0125	0.1625
195		0.03571428571428571	0.03571428571428571	0.03571428571428571	0.17857142857142858	0.03571428571428571	0.03571428571428571	0.03571428571428571	0.03571428571428571	0.03571428571428571	0.03571428571428571	0.03571428571428571	0.03571428571428571	0.03571428571428571	0.03571428571428571	0.03571428571428571	0.03571428571428571	0.17857142857142858	0.03571428571428571	0.03571428571428571	0.03571428571428571
196	Snow-White's	0.019230769230769232	0.019230769230769232	0.019230769230769232	0.3269230769230769	0.09615384615384616	0.019230769230769232	0.019230769230769232	0.019230769230769232	0.019230769230769232	0.019230769230769232	0.019230769230769232	0.019230769230769232	0.019230769230769232	0.019230769230769232	0.25	0.019230769230769232	0.019230769230769232	0.019230769230769232	0.019230769230769232	0.019230769230769232
197		0.03571428571428571	0.03571428571428571	0.03571428571428571	0.03571428571428571	0.03571428571428571	0.03571428571428571	0.03571428571428571	0.03571428571428571	0.17857142857142858	0.03571428571428571	0.03571428571428571	0.03571428571428571	0.03571428571428571	0.03571428571428571	0.03571428571428571	0.03571428571428571	0.03571428571428571	0.03571428571428571	0.03571428571428571	0.17857142857142858
198	Mirror,	0.03571428571428571	0.03571428571428571	0.03571428571428571	0.03571428571428571	0.03571428571428571	0.03571428571428571	0.03571428571428571	0.17857142857142858	0.17857142857142858	0.03571428571428571	0.03571428571428571	0.03571428571428571	0.03571428571428571	0.03571428571428571	0.03571428571428571	0.03571428571428571	0.03571428571428571	0.03571428571428571	0.03571428571428571	0.03571428571428571
199	Who	0.03571428571428571	0.17857142857142858	0.03571428571428571	0.03571428571428571	0.17857142857142858	0.03571428571428571	0.03571428571428571	0.03571428571428571	0.03571428571428571	0.03571428571428571	0.03571428571428571	0.03571428571428571	0.03571428571428571	0.03571428571428571	0.03571428571428571	0.03571428571428571	0.03571428571428571	0.03571428571428571	0.03571428571428571	0.03571428571428571
200	The	0.03571428571428571	0.03571428571428571	0.03571428571428571	0.03571428571428571	0.03571428571428571	0.03571428571428571	0.03571428571428571	0.17857142857142858	0.03571428571428571	0.03571428571428571	0.03571428571428571	0.03571428571428571	0.03571428571428571	0.03571428571428571	0.03571428571428571	0.03571428571428571	0.03571428571428571	0.03571428571428571	0.03571428571428571	0.17857142857142858
201	You,	0.03125	0.03125	0.03125	0.03125	0.03125	0.03125	0.03125	0.03125	0.03125	0.03125	0.03125	0.03125	0.03125	0.03125	0.03125	0.03125	0.03125	0.03125	0.40625	0.03125
202	But	0.025	0.025	0.025	0.025	0.025	0.025	0.025	0.025	0.125	0.325	0.025	0.025	0.025	0.025	0.025	0.025	0.025	0.025	0.125	0.025
203	The	0.05952380952380952	0.011904761904761904	0.05952380952380952	0.011904761904761904	0.011904761904761904	0.011904761904761904	0.011904761904761904	0.011904761904761904	0.2976190476190476	0.011904761904761904	0.10714285714285714	0.011904761904761904	0.011904761904761904	0.011904761904761904	0.011904761904761904	0.05952380952380952	0.011904761904761904	0.011904761904761904	0.011904761904761904	0.25
204		0.03571428571428571	0.03571428571428571	0.03571428571428571	0.17857142857142858	0.03571428571428571	0.03571428571428571	0.03571428571428571	0.17857142857142858	0.03571428571428571	0.03571428571428571	0.03571428571428571	0.03571428571428571	0.03571428571428571	0.03571428571428571	0.03571428571428571	0.03571428571428571	0.03571428571428571	0.03571428571428571	0.03571428571428571	0.03571428571428571
205	Then	0.0125	0.0125	0.0625	0.0125	0.0625	0.0125	0.0125	0.2125	0.0125	0.0125	0.1625	0.0125	0.2125	0.0125	0.1125	0.0125	0.0125	0.0125	0.0125	0.0125
206		0.03571428571428571	0.17857142857142858	0.03571428571428571	0.03571428571428571	0.03571428571428571	0.03571428571428571	0.03571428571428571	0.17857142857142858	0.03571428571428571	0.03571428571428571	0.03571428571428571	0.03571428571428571	0.03571428571428571	0.03571428571428571	0.03571428571428571	0.03571428571428571	0.03571428571428571	0.03571428571428571	0.03571428571428571	0.03571428571428571
207	Source:	0.011904761904761904	0.011904761904761904	0.011904761904761904	0.011904761904761904	0.011904761904761904	0.6785714285714286	0.011904761904761904	0.011904761904761904	0.011904761904761904	0.011904761904761904	0.05952380952380952	0.011904761904761904	0.011904761904761904	0.011904761904761904	0.011904761904761904	0.011904761904761904	0.011904761904761904	0.011904761904761904	0.05952380952380952	0.011904761904761904
208	The	0.027777777777777776	0.027777777777777776	0.25	0.027777777777777776	0.027777777777777776	0.027777777777777776	0.027777777777777776	0.027777777777777776	0.1388888888888889	0.027777777777777776	0.027777777777777776	0.1388888888888889	0.027777777777777776	0.027777777777777776	0.027777777777777776	0.027777777777777776	0.027777777777777776	0.027777777777777776	0.027777777777777776	0.027777777777777776
209	Translated	0.03571428571428571	0.03571428571428571	0.03571428571428571	0.03571428571428571	0.03571428571428571	0.03571428571428571	0.17857142857142858	0.03571428571428571	0.03571428571428571	0.17857142857142858	0.03571428571428571	0.03571428571428571	0.03571428571428571	0.03571428571428571	0.03571428571428571	0.03571428571428571	0.03571428571428571	0.03571428571428571	0.03571428571428571	0.03571428571428571
210	This	0.015625	0.015625	0.015625	0.015625	0.015625	0.640625	0.015625	0.015625	0.015625	0.015625	0.015625	0.015625	0.078125	0.015625	0.015625	0.015625	0.015625	0.015625	0.015625	0.015625
211	Link	0.03125	0.03125	0.03125	0.03125	0.03125	0.03125	0.03125	0.03125	0.15625	0.03125	0.03125	0.03125	0.03125	0.03125	0.15625	0.03125	0.03125	0.15625	0.03125	0.03125
212	Translator's	0.03571428571428571	0.03571428571428571	0.03571428571428571	0.17857142857142858	0.03571428571428571	0.03571428571428571	0.03571428571428571	0.03571428571428571	0.17857142857142858	0.03571428571428571	0.03571428571428571	0.03571428571428571	0.03571428571428571	0.03571428571428571	0.03571428571428571	0.03571428571428571	0.03571428571428571	0.03571428571428571	0.03571428571428571	0.03571428571428571
213	Both	0.0125	0.0125	0.0125	0.0125	0.0125	0.0125	0.0125	0.0125	0.0125	0.0125	0.0125	0.0125	0.1125	0.0125	0.0125	0.0125	0.0125	0.0125	0.6625	0.0125
214	Some	0.03571428571428571	0.17857142857142858	0.03571428571428571	0.03571428571428571	0.03571428571428571	0.17857142857142858	0.03571428571428571	0.03571428571428571	0.03571428571428571	0.03571428571428571	0.03571428571428571	0.03571428571428571	0.03571428571428571	0.03571428571428571	0.03571428571428571	0.03571428571428571	0.03571428571428571	0.03571428571428571	0.03571428571428571	0.03571428571428571
215	Beginning	0.21	0.01	0.01	0.01	0.01	0.17	0.01	0.01	0.01	0.01	0.01	0.05	0.01	0.01	0.41	0.01	0.01	0.01	0.01	0.01
216	Beginning	0.08035714285714286	0.008928571428571428	0.15178571428571427	0.044642857142857144	0.044642857142857144	0.22321428571428573	0.008928571428571428	0.008928571428571428	0.008928571428571428	0.008928571428571428	0.008928571428571428	0.008928571428571428	0.008928571428571428	0.008928571428571428	0.008928571428571428	0.33035714285714285	0.008928571428571428	0.008928571428571428	0.008928571428571428	0.008928571428571428
217	Links	0.03571428571428571	0.03571428571428571	0.03571428571428571	0.03571428571428571	0.03571428571428571	0.17857142857142858	0.03571428571428571	0.03571428571428571	0.17857142857142858	0.03571428571428571	0.03571428571428571	0.03571428571428571	0.03571428571428571	0.03571428571428571	0.03571428571428571	0.03571428571428571	0.03571428571428571	0.03571428571428571	0.03571428571428571	0.03571428571428571
218	Little	0.03125	0.03125	0.03125	0.03125	0.03125	0.40625	0.03125	0.03125	0.03125	0.03125	0.03125	0.03125	0.03125	0.03125	0.03125	0.03125	0.03125	0.03125	0.03125	0.03125
219	Sleeping	0.016666666666666666	0.016666666666666666	0.016666666666666666	0.016666666666666666	0.016666666666666666	0.2833333333333333	0.016666666666666666	0.016666666666666666	0.08333333333333333	0.15	0.016666666666666666	0.016666666666666666	0.016666666666666666	0.016666666666666666	0.016666666666666666	0.016666666666666666	0.016666666666666666	0.15	0.016666666666666666	0.08333333333333333
220	The	0.020833333333333332	0.020833333333333332	0.020833333333333332	0.020833333333333332	0.020833333333333332	0.6041666666666666	0.020833333333333332	0.020833333333333332	0.020833333333333332	0.020833333333333332	0.020833333333333332	0.020833333333333332	0.020833333333333332	0.020833333333333332	0.020833333333333332	0.020833333333333332	0.020833333333333332	0.020833333333333332	0.020833333333333332	0.020833333333333332
221	The	0.03125	0.03125	0.03125	0.03125	0.03125	0.15625	0.03125	0.03125	0.03125	0.03125	0.28125	0.03125	0.03125	0.03125	0.03125	0.03125	0.03125	0.03125	0.03125	0.03125
222	D.	0.09615384615384616	0.019230769230769232	0.019230769230769232	0.019230769230769232	0.019230769230769232	0.17307692307692307	0.019230769230769232	0.019230769230769232	0.3269230769230769	0.019230769230769232	0.019230769230769232	0.019230769230769232	0.019230769230769232	0.019230769230769232	0.019230769230769232	0.019230769230769232	0.09615384615384616	0.019230769230769232	0.019230769230769232	0.019230769230769232
223	Revised	0.03571428571428571	0.03571428571428571	0.03571428571428571	0.03571428571428571	0.17857142857142858	0.03571428571428571	0.03571428571428571	0.03571428571428571	0.03571428571428571	0.03571428571428571	0.03571428571428571	0.03571428571428571	0.03571428571428571	0.03571428571428571	0.03571428571428571	0.03571428571428571	0.03571428571428571	0.17857142857142858	0.03571428571428571	0.03571428571428571
