0	Long	0.011363636363636364	0.011363636363636364	0.011363636363636364	0.14772727272727273	0.056818181818181816	0.056818181818181816	0.011363636363636364	0.011363636363636364	0.056818181818181816	0.011363636363636364	0.011363636363636364	0.011363636363636364	0.011363636363636364	0.056818181818181816	0.011363636363636364	0.011363636363636364	0.14772727272727273	0.23863636363636365	0.056818181818181816	0.056818181818181816
1		0.03571428571428571	0.03571428571428571	0.03571428571428571	0.03571428571428571	0.03571428571428571	0.03571428571428571	0.17857142857142858	0.03571428571428571	0.03571428571428571	0.03571428571428571	0.03571428571428571	0.03571428571428571	0.03571428571428571	0.03571428571428571	0.17857142857142858	0.03571428571428571	0.03571428571428571	0.03571428571428571	0.03571428571428571	0.03571428571428571
2	In	0.052083333333333336	0.010416666666666666	0.010416666666666666	0.052083333333333336	0.010416666666666666	0.010416666666666666	0.17708333333333334	0.010416666666666666	0.010416666666666666	0.09375	0.010416666666666666	0.052083333333333336	0.010416666666666666	0.17708333333333334	0.052083333333333336	0.010416666666666666	0.052083333333333336	0.052083333333333336	0.010416666666666666	0.13541666666666666
3		0.03571428571428571	0.03571428571428571	0.03571428571428571	0.03571428571428571	0.03571428571428571	0.03571428571428571	0.03571428571428571	0.03571428571428571	0.03571428571428571	0.03571428571428571	0.03571428571428571	0.17857142857142858	0.03571428571428571	0.03571428571428571	0.03571428571428571	0.03571428571428571	0.17857142857142858	0.03571428571428571	0.03571428571428571	0.03571428571428571
4	"Oh,"	0.013157894736842105	0.013157894736842105	0.013157894736842105	0.013157894736842105	0.013157894736842105	0.013157894736842105	0.013157894736842105	0.06578947368421052	0.013157894736842105	0.013157894736842105	0.17105263157894737	0.06578947368421052	0.013157894736842105	0.4342105263157895	0.013157894736842105	0.013157894736842105	0.06578947368421052	0.013157894736842105	0.013157894736842105	0.013157894736842105
5		0.03571428571428571	0.03571428571428571	0.03571428571428571	0.03571428571428571	0.03571428571428571	0.03571428571428571	0.03571428571428571	0.03571428571428571	0.03571428571428571	0.03571428571428571	0.03571428571428571	0.03571428571428571	0.17857142857142858	0.03571428571428571	0.03571428571428571	0.03571428571428571	0.03571428571428571	0.17857142857142858	0.03571428571428571	0.03571428571428571
6	Then	0.30194805194805197	0.003246753246753247	0.003246753246753247	0.003246753246753247	0.003246753246753247	0.016233766233766232	0.19805194805194806	0.02922077922077922	0.06818181818181818	0.003246753246753247	0.02922077922077922	0.003246753246753247	0.003246753246753247	0.10714285714285714	0.04220779220779221	0.016233766233766232	0.003246753246753247	0.003246753246753247	0.003246753246753247	0.1590909090909091
7		0.17857142857142858	0.03571428571428571	0.03571428571428571	0.03571428571428571	0.03571428571428571	0.03571428571428571	0.03571428571428571	0.03571428571428571	0.03571428571428571	0.03571428571428571	0.03571428571428571	0.03571428571428571	0.03571428571428571	0.17857142857142858	0.03571428571428571	0.03571428571428571	0.03571428571428571	0.03571428571428571	0.03571428571428571	0.03571428571428571
8	Her	0.013888888888888888	0.06944444444444445	0.013888888888888888	0.013888888888888888	0.013888888888888888	0.013888888888888888	0.013888888888888888	0.013888888888888888	0.013888888888888888	0.013888888888888888	0.06944444444444445	0.013888888888888888	0.125	0.013888888888888888	0.013888888888888888	0.125	0.013888888888888888	0.06944444444444445	0.013888888888888888	0.3472222222222222
9		0.03571428571428571	0.03571428571428571	0.03571428571428571	0.03571428571428571	0.03571428571428571	0.03571428571428571	0.03571428571428571	0.17857142857142858	0.03571428571428571	0.03571428571428571	0.03571428571428571	0.03571428571428571	0.03571428571428571	0.03571428571428571	0.03571428571428571	0.17857142857142858	0.03571428571428571	0.03571428571428571	0.03571428571428571	0.03571428571428571
10	He	0.027777777777777776	0.027777777777777776	0.005555555555555556	0.005555555555555556	0.005555555555555556	0.005555555555555556	0.005555555555555556	0.005555555555555556	0.027777777777777776	0.005555555555555556	0.09444444444444444	0.3388888888888889	0.09444444444444444	0.29444444444444445	0.005555555555555556	0.005555555555555556	0.005555555555555556	0.027777777777777776	0.005555555555555556	0.005555555555555556
11		0.17857142857142858	0.03571428571428571	0.17857142857142858	0.03571428571428571	0.03571428571428571	0.03571428571428571	0.03571428571428571	0.03571428571428571	0.03571428571428571	0.03571428571428571	0.03571428571428571	0.03571428571428571	0.03571428571428571	0.03571428571428571	0.03571428571428571	0.03571428571428571	0.03571428571428571	0.03571428571428571	0.03571428571428571	0.03571428571428571
12	One	0.020833333333333332	0.020833333333333332	0.10416666666666667	0.020833333333333332	0.020833333333333332	0.020833333333333332	0.020833333333333332	0.020833333333333332	0.2708333333333333	0.020833333333333332	0.020833333333333332	0.1875	0.020833333333333332	0.10416666666666667	0.020833333333333332	0.020833333333333332	0.020833333333333332	0.020833333333333332	0.020833333333333332	0.020833333333333332
13		0.17857142857142858	0.03571428571428571	0.03571428571428571	0.03571428571428571	0.17857142857142858	0.03571428571428571	0.03571428571428571	0.03571428571428571	0.03571428571428571	0.03571428571428571	0.03571428571428571	0.03571428571428571	0.03571428571428571	0.03571428571428571	0.03571428571428571	0.03571428571428571	0.03571428571428571	0.03571428571428571	0.03571428571428571	0.03571428571428571
14	"Yes,	0.013157894736842105	0.013157894736842105	0.013157894736842105	0.013157894736842105	0.013157894736842105	0.013157894736842105	0.013157894736842105	0.013157894736842105	0.013157894736842105	0.013157894736842105	0.013157894736842105	0.32894736842105265	0.013157894736842105	0.32894736842105265	0.013157894736842105	0.013157894736842105	0.11842105263157894	0.013157894736842105	0.013157894736842105	0.013157894736842105
15		0.03571428571428571	0.03571428571428571	0.17857142857142858	0.17857142857142858	0.03571428571428571	0.03571428571428571	0.03571428571428571	0.03571428571428571	0.03571428571428571	0.03571428571428571	0.03571428571428571	0.03571428571428571	0.03571428571428571	0.03571428571428571	0.03571428571428571	0.03571428571428571	0.03571428571428571	0.03571428571428571	0.03571428571428571	0.03571428571428571
16	"Mother,"	0.03571428571428571	0.03571428571428571	0.03571428571428571	0.03571428571428571	0.03571428571428571	0.03571428571428571	0.03571428571428571	0.03571428571428571	0.03571428571428571	0.03571428571428571	0.03571428571428571	0.17857142857142858	0.03571428571428571	0.03571428571428571	0.03571428571428571	0.17857142857142858	0.03571428571428571	0.03571428571428571	0.03571428571428571	0.03571428571428571
17		0.03571428571428571	0.03571428571428571	0.03571428571428571	0.17857142857142858	0.03571428571428571	0.17857142857142858	0.03571428571428571	0.03571428571428571	0.03571428571428571	0.03571428571428571	0.03571428571428571	0.03571428571428571	0.03571428571428571	0.03571428571428571	0.03571428571428571	0.03571428571428571	0.03571428571428571	0.03571428571428571	0.03571428571428571	0.03571428571428571
18	This	0.027777777777777776	0.027777777777777776	0.027777777777777776	0.027777777777777776	0.027777777777777776	0.027777777777777776	0.1388888888888889	0.027777777777777776	0.027777777777777776	0.027777777777777776	0.027777777777777776	0.3611111111111111	0.027777777777777776	0.027777777777777776	0.027777777777777776	0.027777777777777776	0.027777777777777776	0.027777777777777776	0.027777777777777776	0.027777777777777776
19		0.03571428571428571	0.17857142857142858	0.03571428571428571	0.03571428571428571	0.03571428571428571	0.03571428571428571	0.03571428571428571	0.03571428571428571	0.17857142857142858	0.03571428571428571	0.03571428571428571	0.03571428571428571	0.03571428571428571	0.03571428571428571	0.03571428571428571	0.03571428571428571	0.03571428571428571	0.03571428571428571	0.03571428571428571	0.03571428571428571
20	When	0.020833333333333332	0.020833333333333332	0.020833333333333332	0.020833333333333332	0.020833333333333332	0.020833333333333332	0.020833333333333332	0.020833333333333332	0.020833333333333332	0.020833333333333332	0.020833333333333332	0.2708333333333333	0.020833333333333332	0.020833333333333332	0.2708333333333333	0.10416666666666667	0.020833333333333332	0.020833333333333332	0.020833333333333332	0.020833333333333332
21		0.03571428571428571	0.03571428571428571	0.17857142857142858	0.03571428571428571	0.03571428571428571	0.03571428571428571	0.03571428571428571	0.03571428571428571	0.17857142857142858	0.03571428571428571	0.03571428571428571	0.03571428571428571	0.03571428571428571	0.03571428571428571	0.03571428571428571	0.03571428571428571	0.03571428571428571	0.03571428571428571	0.03571428571428571	0.03571428571428571
22	She	0.014705882352941176	0.014705882352941176	0.014705882352941176	0.014705882352941176	0.014705882352941176	0.014705882352941176	0.014705882352941176	0.014705882352941176	0.014705882352941176	0.014705882352941176	0.014705882352941176	0.4852941176470588	0.014705882352941176	0.07352941176470588	0.014705882352941176	0.014705882352941176	0.014705882352941176	0.19117647058823528	0.014705882352941176	0.014705882352941176
23		0.03571428571428571	0.03571428571428571	0.03571428571428571	0.03571428571428571	0.03571428571428571	0.03571428571428571	0.03571428571428571	0.03571428571428571	0.03571428571428571	0.03571428571428571	0.03571428571428571	0.03571428571428571	0.17857142857142858	0.17857142857142858	0.03571428571428571	0.03571428571428571	0.03571428571428571	0.03571428571428571	0.03571428571428571	0.03571428571428571
24	"Mother,"	0.027777777777777776	0.027777777777777776	0.1388888888888889	0.027777777777777776	0.027777777777777776	0.027777777777777776	0.027777777777777776	0.027777777777777776	0.027777777777777776	0.027777777777777776	0.027777777777777776	0.3611111111111111	0.027777777777777776	0.027777777777777776	0.027777777777777776	0.027777777777777776	0.027777777777777776	0.027777777777777776	0.027777777777777776	0.027777777777777776
25		0.03571428571428571	0.03571428571428571	0.17857142857142858	0.03571428571428571	0.03571428571428571	0.03571428571428571	0.03571428571428571	0.03571428571428571	0.17857142857142858	0.03571428571428571	0.03571428571428571	0.03571428571428571	0.03571428571428571	0.03571428571428571	0.03571428571428571	0.03571428571428571	0.03571428571428571	0.03571428571428571	0.03571428571428571	0.03571428571428571
26	Then	0.011363636363636364	0.011363636363636364	0.011363636363636364	0.011363636363636364	0.011363636363636364	0.056818181818181816	0.011363636363636364	0.14772727272727273	0.056818181818181816	0.011363636363636364	0.056818181818181816	0.375	0.011363636363636364	0.011363636363636364	0.056818181818181816	0.056818181818181816	0.011363636363636364	0.056818181818181816	0.011363636363636364	0.011363636363636364
27		0.03571428571428571	0.03571428571428571	0.03571428571428571	0.03571428571428571	0.17857142857142858	0.03571428571428571	0.03571428571428571	0.03571428571428571	0.03571428571428571	0.03571428571428571	0.17857142857142858	0.03571428571428571	0.03571428571428571	0.03571428571428571	0.03571428571428571	0.03571428571428571	0.03571428571428571	0.03571428571428571	0.03571428571428571	0.03571428571428571
28	Then	0.046296296296296294	0.009259259259259259	0.046296296296296294	0.046296296296296294	0.009259259259259259	0.046296296296296294	0.009259259259259259	0.009259259259259259	0.1574074074074074	0.009259259259259259	0.009259259259259259	0.009259259259259259	0.26851851851851855	0.046296296296296294	0.009259259259259259	0.009259259259259259	0.009259259259259259	0.19444444444444445	0.046296296296296294	0.009259259259259259
29		0.03571428571428571	0.17857142857142858	0.03571428571428571	0.03571428571428571	0.03571428571428571	0.03571428571428571	0.03571428571428571	0.03571428571428571	0.03571428571428571	0.03571428571428571	0.03571428571428571	0.03571428571428571	0.03571428571428571	0.03571428571428571	0.03571428571428571	0.17857142857142858	0.03571428571428571	0.03571428571428571	0.03571428571428571	0.03571428571428571
30	After	0.017857142857142856	0.017857142857142856	0.017857142857142856	0.017857142857142856	0.23214285714285715	0.017857142857142856	0.08928571428571429	0.017857142857142856	0.23214285714285715	0.017857142857142856	0.017857142857142856	0.017857142857142856	0.017857142857142856	0.017857142857142856	0.08928571428571429	0.08928571428571429	0.017857142857142856	0.017857142857142856	0.017857142857142856	0.017857142857142856
31		0.03571428571428571	0.03571428571428571	0.03571428571428571	0.03571428571428571	0.03571428571428571	0.03571428571428571	0.03571428571428571	0.03571428571428571	0.03571428571428571	0.03571428571428571	0.03571428571428571	0.03571428571428571	0.03571428571428571	0.03571428571428571	0.17857142857142858	0.03571428571428571	0.03571428571428571	0.03571428571428571	0.03571428571428571	0.17857142857142858
32	"Mother,"	0.013888888888888888	0.013888888888888888	0.06944444444444445	0.06944444444444445	0.013888888888888888	0.06944444444444445	0.013888888888888888	0.013888888888888888	0.013888888888888888	0.013888888888888888	0.013888888888888888	0.013888888888888888	0.013888888888888888	0.013888888888888888	0.013888888888888888	0.18055555555555555	0.013888888888888888	0.4027777777777778	0.013888888888888888	0.013888888888888888
33		0.03571428571428571	0.17857142857142858	0.03571428571428571	0.03571428571428571	0.03571428571428571	0.03571428571428571	0.03571428571428571	0.03571428571428571	0.03571428571428571	0.03571428571428571	0.03571428571428571	0.03571428571428571	0.03571428571428571	0.03571428571428571	0.03571428571428571	0.03571428571428571	0.03571428571428571	0.03571428571428571	0.03571428571428571	0.17857142857142858
34	"Go	0.027777777777777776	0.027777777777777776	0.027777777777777776	0.027777777777777776	0.027777777777777776	0.027777777777777776	0.027777777777777776	0.027777777777777776	0.1388888888888889	0.027777777777777776	0.027777777777777776	0.027777777777777776	0.027777777777777776	0.027777777777777776	0.027777777777777776	0.1388888888888889	0.027777777777777776	0.1388888888888889	0.1388888888888889	0.027777777777777776
35		0.03571428571428571	0.03571428571428571	0.03571428571428571	0.03571428571428571	0.03571428571428571	0.03571428571428571	0.03571428571428571	0.03571428571428571	0.03571428571428571	0.03571428571428571	0.17857142857142858	0.03571428571428571	0.03571428571428571	0.03571428571428571	0.03571428571428571	0.03571428571428571	0.03571428571428571	0.17857142857142858	0.03571428571428571	0.03571428571428571
36	So	0.009259259259259259	0.009259259259259259	0.046296296296296294	0.009259259259259259	0.009259259259259259	0.046296296296296294	0.046296296296296294	0.009259259259259259	0.3425925925925926	0.009259259259259259	0.046296296296296294	0.046296296296296294	0.009259259259259259	0.046296296296296294	0.009259259259259259	0.23148148148148148	0.009259259259259259	0.009259259259259259	0.009259259259259259	0.046296296296296294
37		0.17857142857142858	0.03571428571428571	0.03571428571428571	0.03571428571428571	0.17857142857142858	0.03571428571428571	0.03571428571428571	0.03571428571428571	0.03571428571428571	0.03571428571428571	0.03571428571428571	0.03571428571428571	0.03571428571428571	0.03571428571428571	0.03571428571428571	0.03571428571428571	0.03571428571428571	0.03571428571428571	0.03571428571428571	0.03571428571428571
38	"Marlene,"	0.022727272727272728	0.022727272727272728	0.022727272727272728	0.022727272727272728	0.022727272727272728	0.022727272727272728	0.022727272727272728	0.022727272727272728	0.38636363636363635	0.022727272727272728	0.022727272727272728	0.11363636363636363	0.022727272727272728	0.022727272727272728	0.11363636363636363	0.022727272727272728	0.022727272727272728	0.022727272727272728	0.022727272727272728	0.022727272727272728
39		0.03571428571428571	0.03571428571428571	0.03571428571428571	0.03571428571428571	0.03571428571428571	0.03571428571428571	0.03571428571428571	0.03571428571428571	0.03571428571428571	0.03571428571428571	0.17857142857142858	0.03571428571428571	0.03571428571428571	0.03571428571428571	0.03571428571428571	0.03571428571428571	0.03571428571428571	0.17857142857142858	0.03571428571428571	0.03571428571428571
40	Then	0.011904761904761904	0.011904761904761904	0.011904761904761904	0.011904761904761904	0.011904761904761904	0.011904761904761904	0.15476190476190477	0.011904761904761904	0.34523809523809523	0.011904761904761904	0.011904761904761904	0.05952380952380952	0.011904761904761904	0.011904761904761904	0.011904761904761904	0.25	0.011904761904761904	0.011904761904761904	0.011904761904761904	0.011904761904761904
41		0.03571428571428571	0.03571428571428571	0.03571428571428571	0.03571428571428571	0.03571428571428571	0.03571428571428571	0.03571428571428571	0.03571428571428571	0.03571428571428571	0.03571428571428571	0.03571428571428571	0.03571428571428571	0.17857142857142858	0.03571428571428571	0.03571428571428571	0.17857142857142858	0.03571428571428571	0.03571428571428571	0.03571428571428571	0.03571428571428571
42	Then	0.013157894736842105	0.013157894736842105	0.013157894736842105	0.013157894736842105	0.013157894736842105	0.013157894736842105	0.013157894736842105	0.013157894736842105	0.17105263157894737	0.013157894736842105	0.013157894736842105	0.11842105263157894	0.013157894736842105	0.2236842105263158	0.06578947368421052	0.2236842105263158	0.013157894736842105	0.013157894736842105	0.013157894736842105	0.013157894736842105
43		0.03571428571428571	0.03571428571428571	0.03571428571428571	0.03571428571428571	0.17857142857142858	0.03571428571428571	0.03571428571428571	0.03571428571428571	0.03571428571428571	0.03571428571428571	0.17857142857142858	0.03571428571428571	0.03571428571428571	0.03571428571428571	0.03571428571428571	0.03571428571428571	0.03571428571428571	0.03571428571428571	0.03571428571428571	0.03571428571428571
44	Then	0.03571428571428571	0.03571428571428571	0.03571428571428571	0.03571428571428571	0.03571428571428571	0.03571428571428571	0.03571428571428571	0.03571428571428571	0.03571428571428571	0.03571428571428571	0.03571428571428571	0.03571428571428571	0.03571428571428571	0.03571428571428571	0.32142857142857145	0.03571428571428571	0.03571428571428571	0.03571428571428571	0.03571428571428571	0.03571428571428571
45		0.03571428571428571	0.17857142857142858	0.03571428571428571	0.03571428571428571	0.03571428571428571	0.03571428571428571	0.03571428571428571	0.03571428571428571	0.03571428571428571	0.03571428571428571	0.03571428571428571	0.03571428571428571	0.03571428571428571	0.03571428571428571	0.03571428571428571	0.03571428571428571	0.03571428571428571	0.03571428571428571	0.17857142857142858	0.03571428571428571
46	"Oh,"	0.020833333333333332	0.020833333333333332	0.10416666666666667	0.020833333333333332	0.020833333333333332	0.020833333333333332	0.020833333333333332	0.020833333333333332	0.10416666666666667	0.4375	0.020833333333333332	0.020833333333333332	0.020833333333333332	0.020833333333333332	0.020833333333333332	0.020833333333333332	0.020833333333333332	0.020833333333333332	0.020833333333333332	0.020833333333333332
47		0.03571428571428571	0.03571428571428571	0.03571428571428571	0.03571428571428571	0.03571428571428571	0.03571428571428571	0.03571428571428571	0.03571428571428571	0.03571428571428571	0.03571428571428571	0.03571428571428571	0.17857142857142858	0.03571428571428571	0.03571428571428571	0.03571428571428571	0.03571428571428571	0.03571428571428571	0.17857142857142858	0.03571428571428571	0.03571428571428571
48	"What	0.03571428571428571	0.03571428571428571	0.03571428571428571	0.03571428571428571	0.03571428571428571	0.03571428571428571	0.03571428571428571	0.03571428571428571	0.03571428571428571	0.03571428571428571	0.17857142857142858	0.03571428571428571	0.03571428571428571	0.03571428571428571	0.03571428571428571	0.17857142857142858	0.03571428571428571	0.03571428571428571	0.03571428571428571	0.03571428571428571
49		0.03571428571428571	0.03571428571428571	0.03571428571428571	0.03571428571428571	0.03571428571428571	0.17857142857142858	0.03571428571428571	0.03571428571428571	0.03571428571428571	0.03571428571428571	0.03571428571428571	0.03571428571428571	0.03571428571428571	0.03571428571428571	0.03571428571428571	0.03571428571428571	0.03571428571428571	0.03571428571428571	0.03571428571428571	0.17857142857142858
50	"Oh,	0.025	0.325	0.125	0.025	0.025	0.025	0.025	0.025	0.025	0.025	0.025	0.025	0.025	0.025	0.025	0.025	0.125	0.025	0.025	0.025
51		0.17857142857142858	0.03571428571428571	0.03571428571428571	0.03571428571428571	0.03571428571428571	0.03571428571428571	0.03571428571428571	0.03571428571428571	0.03571428571428571	0.03571428571428571	0.03571428571428571	0.03571428571428571	0.03571428571428571	0.17857142857142858	0.03571428571428571	0.03571428571428571	0.03571428571428571	0.03571428571428571	0.03571428571428571	0.03571428571428571
52	"Oh,"	0.016666666666666666	0.016666666666666666	0.016666666666666666	0.15	0.016666666666666666	0.15	0.15	0.016666666666666666	0.016666666666666666	0.016666666666666666	0.016666666666666666	0.08333333333333333	0.016666666666666666	0.016666666666666666	0.016666666666666666	0.21666666666666667	0.016666666666666666	0.016666666666666666	0.016666666666666666	0.016666666666666666
53		0.03571428571428571	0.03571428571428571	0.03571428571428571	0.03571428571428571	0.03571428571428571	0.03571428571428571	0.03571428571428571	0.03571428571428571	0.03571428571428571	0.17857142857142858	0.03571428571428571	0.03571428571428571	0.03571428571428571	0.03571428571428571	0.03571428571428571	0.17857142857142858	0.03571428571428571	0.03571428571428571	0.03571428571428571	0.03571428571428571
54	Then	0.013157894736842105	0.5394736842105263	0.013157894736842105	0.013157894736842105	0.013157894736842105	0.013157894736842105	0.013157894736842105	0.013157894736842105	0.013157894736842105	0.013157894736842105	0.11842105263157894	0.013157894736842105	0.013157894736842105	0.013157894736842105	0.013157894736842105	0.013157894736842105	0.013157894736842105	0.06578947368421052	0.06578947368421052	0.013157894736842105
55		0.03571428571428571	0.17857142857142858	0.17857142857142858	0.03571428571428571	0.03571428571428571	0.03571428571428571	0.03571428571428571	0.03571428571428571	0.03571428571428571	0.03571428571428571	0.03571428571428571	0.03571428571428571	0.03571428571428571	0.03571428571428571	0.03571428571428571	0.03571428571428571	0.03571428571428571	0.03571428571428571	0.03571428571428571	0.03571428571428571
56	Marlene	0.14130434782608695	0.09782608695652174	0.010869565217391304	0.010869565217391304	0.010869565217391304	0.010869565217391304	0.010869565217391304	0.010869565217391304	0.010869565217391304	0.010869565217391304	0.010869565217391304	0.14130434782608695	0.22826086956521738	0.05434782608695652	0.010869565217391304	0.14130434782608695	0.010869565217391304	0.010869565217391304	0.010869565217391304	0.05434782608695652
57		0.03571428571428571	0.03571428571428571	0.03571428571428571	0.03571428571428571	0.03571428571428571	0.03571428571428571	0.03571428571428571	0.17857142857142858	0.03571428571428571	0.03571428571428571	0.03571428571428571	0.03571428571428571	0.17857142857142858	0.03571428571428571	0.03571428571428571	0.03571428571428571	0.03571428571428571	0.03571428571428571	0.03571428571428571	0.03571428571428571
58	She	0.016666666666666666	0.016666666666666666	0.016666666666666666	0.016666666666666666	0.016666666666666666	0.08333333333333333	0.08333333333333333	0.016666666666666666	0.016666666666666666	0.08333333333333333	0.016666666666666666	0.016666666666666666	0.15	0.016666666666666666	0.08333333333333333	0.016666666666666666	0.016666666666666666	0.016666666666666666	0.016666666666666666	0.2833333333333333
59		0.03571428571428571	0.03571428571428571	0.03571428571428571	0.03571428571428571	0.03571428571428571	0.03571428571428571	0.03571428571428571	0.03571428571428571	0.03571428571428571	0.17857142857142858	0.03571428571428571	0.03571428571428571	0.03571428571428571	0.03571428571428571	0.17857142857142858	0.03571428571428571	0.03571428571428571	0.03571428571428571	0.03571428571428571	0.03571428571428571
60	Then	0.005319148936170213	0.06914893617021277	0.005319148936170213	0.047872340425531915	0.047872340425531915	0.005319148936170213	0.005319148936170213	0.06914893617021277	0.005319148936170213	0.026595744680851064	0.047872340425531915	0.005319148936170213	0.005319148936170213	0.026595744680851064	0.13297872340425532	0.06914893617021277	0.15425531914893617	0.005319148936170213	0.026595744680851064	0.2393617021276596
61		0.03571428571428571	0.03571428571428571	0.03571428571428571	0.03571428571428571	0.03571428571428571	0.03571428571428571	0.17857142857142858	0.03571428571428571	0.03571428571428571	0.03571428571428571	0.03571428571428571	0.03571428571428571	0.03571428571428571	0.03571428571428571	0.03571428571428571	0.03571428571428571	0.17857142857142858	0.03571428571428571	0.03571428571428571	0.03571428571428571
62	Then	0.020833333333333332	0.10416666666666667	0.020833333333333332	0.020833333333333332	0.10416666666666667	0.020833333333333332	0.020833333333333332	0.10416666666666667	0.020833333333333332	0.020833333333333332	0.020833333333333332	0.020833333333333332	0.020833333333333332	0.020833333333333332	0.020833333333333332	0.10416666666666667	0.1875	0.020833333333333332	0.10416666666666667	0.020833333333333332
63		0.03571428571428571	0.03571428571428571	0.03571428571428571	0.03571428571428571	0.03571428571428571	0.03571428571428571	0.03571428571428571	0.03571428571428571	0.03571428571428571	0.03571428571428571	0.17857142857142858	0.03571428571428571	0.03571428571428571	0.03571428571428571	0.03571428571428571	0.03571428571428571	0.03571428571428571	0.17857142857142858	0.03571428571428571	0.03571428571428571
64	My	0.17857142857142858	0.03571428571428571	0.03571428571428571	0.17857142857142858	0.03571428571428571	0.03571428571428571	0.03571428571428571	0.03571428571428571	0.03571428571428571	0.03571428571428571	0.03571428571428571	0.03571428571428571	0.03571428571428571	0.03571428571428571	0.03571428571428571	0.03571428571428571	0.03571428571428571	0.03571428571428571	0.03571428571428571	0.03571428571428571
65	My	0.03571428571428571	0.17857142857142858	0.03571428571428571	0.03571428571428571	0.03571428571428571	0.03571428571428571	0.03571428571428571	0.03571428571428571	0.03571428571428571	0.03571428571428571	0.03571428571428571	0.03571428571428571	0.17857142857142858	0.03571428571428571	0.03571428571428571	0.03571428571428571	0.03571428571428571	0.03571428571428571	0.03571428571428571	0.03571428571428571
66	My	0.03571428571428571	0.03571428571428571	0.03571428571428571	0.03571428571428571	0.03571428571428571	0.03571428571428571	0.03571428571428571	0.03571428571428571	0.03571428571428571	0.17857142857142858	0.03571428571428571	0.03571428571428571	0.03571428571428571	0.03571428571428571	0.03571428571428571	0.17857142857142858	0.03571428571428571	0.03571428571428571	0.03571428571428571	0.03571428571428571
67	Gathered	0.03571428571428571	0.17857142857142858	0.03571428571428571	0.03571428571428571	0.03571428571428571	0.03571428571428571	0.03571428571428571	0.03571428571428571	0.03571428571428571	0.03571428571428571	0.03571428571428571	0.03571428571428571	0.03571428571428571	0.03571428571428571	0.03571428571428571	0.03571428571428571	0.17857142857142858	0.03571428571428571	0.03571428571428571	0.03571428571428571
68	Tied	0.03571428571428571	0.03571428571428571	0.03571428571428571	0.03571428571428571	0.03571428571428571	0.03571428571428571	0.03571428571428571	0.03571428571428571	0.03571428571428571	0.03571428571428571	0.03571428571428571	0.03571428571428571	0.32142857142857145	0.03571428571428571	0.03571428571428571	0.03571428571428571	0.03571428571428571	0.03571428571428571	0.03571428571428571	0.03571428571428571
69	Laid	0.03125	0.03125	0.03125	0.03125	0.03125	0.03125	0.03125	0.03125	0.03125	0.03125	0.03125	0.03125	0.03125	0.03125	0.03125	0.03125	0.03125	0.03125	0.03125	0.40625
70	Tweet,	0.03571428571428571	0.03571428571428571	0.17857142857142858	0.03571428571428571	0.17857142857142858	0.03571428571428571	0.03571428571428571	0.03571428571428571	0.03571428571428571	0.03571428571428571	0.03571428571428571	0.03571428571428571	0.03571428571428571	0.03571428571428571	0.03571428571428571	0.03571428571428571	0.03571428571428571	0.03571428571428571	0.03571428571428571	0.03571428571428571
71	The	0.006944444444444444	0.006944444444444444	0.006944444444444444	0.0625	0.0625	0.3402777777777778	0.006944444444444444	0.006944444444444444	0.0625	0.3125	0.006944444444444444	0.006944444444444444	0.006944444444444444	0.034722222222222224	0.034722222222222224	0.006944444444444444	0.006944444444444444	0.006944444444444444	0.006944444444444444	0.006944444444444444
72		0.03571428571428571	0.03571428571428571	0.03571428571428571	0.03571428571428571	0.03571428571428571	0.03571428571428571	0.03571428571428571	0.03571428571428571	0.03571428571428571	0.17857142857142858	0.03571428571428571	0.17857142857142858	0.03571428571428571	0.03571428571428571	0.03571428571428571	0.03571428571428571	0.03571428571428571	0.03571428571428571	0.03571428571428571	0.03571428571428571
73	He	0.019230769230769232	0.019230769230769232	0.4807692307692308	0.019230769230769232	0.019230769230769232	0.09615384615384616	0.019230769230769232	0.019230769230769232	0.019230769230769232	0.019230769230769232	0.019230769230769232	0.019230769230769232	0.019230769230769232	0.09615384615384616	0.019230769230769232	0.019230769230769232	0.019230769230769232	0.019230769230769232	0.019230769230769232	0.019230769230769232
74		0.03571428571428571	0.03571428571428571	0.03571428571428571	0.03571428571428571	0.03571428571428571	0.03571428571428571	0.03571428571428571	0.03571428571428571	0.17857142857142858	0.03571428571428571	0.03571428571428571	0.03571428571428571	0.03571428571428571	0.03571428571428571	0.03571428571428571	0.03571428571428571	0.17857142857142858	0.03571428571428571	0.03571428571428571	0.03571428571428571
75	"No,"	0.022727272727272728	0.022727272727272728	0.38636363636363635	0.022727272727272728	0.022727272727272728	0.022727272727272728	0.022727272727272728	0.022727272727272728	0.022727272727272728	0.20454545454545456	0.022727272727272728	0.022727272727272728	0.022727272727272728	0.022727272727272728	0.022727272727272728	0.022727272727272728	0.022727272727272728	0.022727272727272728	0.022727272727272728	0.022727272727272728
76		0.17857142857142858	0.03571428571428571	0.03571428571428571	0.03571428571428571	0.03571428571428571	0.03571428571428571	0.03571428571428571	0.03571428571428571	0.03571428571428571	0.03571428571428571	0.03571428571428571	0.03571428571428571	0.03571428571428571	0.03571428571428571	0.17857142857142858	0.03571428571428571	0.03571428571428571	0.03571428571428571	0.03571428571428571	0.03571428571428571
77	The	0.014705882352941176	0.014705882352941176	0.19117647058823528	0.014705882352941176	0.014705882352941176	0.014705882352941176	0.014705882352941176	0.19117647058823528	0.014705882352941176	0.36764705882352944	0.014705882352941176	0.014705882352941176	0.014705882352941176	0.014705882352941176	0.014705882352941176	0.014705882352941176	0.014705882352941176	0.014705882352941176	0.014705882352941176	0.014705882352941176
78		0.03571428571428571	0.03571428571428571	0.03571428571428571	0.03571428571428571	0.03571428571428571	0.17857142857142858	0.03571428571428571	0.03571428571428571	0.03571428571428571	0.03571428571428571	0.17857142857142858	0.03571428571428571	0.03571428571428571	0.03571428571428571	0.03571428571428571	0.03571428571428571	0.03571428571428571	0.03571428571428571	0.03571428571428571	0.03571428571428571
79	My	0.03571428571428571	0.03571428571428571	0.03571428571428571	0.17857142857142858	0.03571428571428571	0.03571428571428571	0.03571428571428571	0.03571428571428571	0.03571428571428571	0.03571428571428571	0.03571428571428571	0.03571428571428571	0.03571428571428571	0.17857142857142858	0.03571428571428571	0.03571428571428571	0.03571428571428571	0.03571428571428571	0.03571428571428571	0.03571428571428571
80	My	0.03571428571428571	0.17857142857142858	0.03571428571428571	0.03571428571428571	0.03571428571428571	0.03571428571428571	0.03571428571428571	0.03571428571428571	0.03571428571428571	0.03571428571428571	0.03571428571428571	0.03571428571428571	0.03571428571428571	0.03571428571428571	0.03571428571428571	0.03571428571428571	0.03571428571428571	0.17857142857142858	0.03571428571428571	0.03571428571428571
81	My	0.03571428571428571	0.03571428571428571	0.03571428571428571	0.03571428571428571	0.03571428571428571	0.17857142857142858	0.03571428571428571	0.03571428571428571	0.03571428571428571	0.03571428571428571	0.03571428571428571	0.03571428571428571	0.03571428571428571	0.03571428571428571	0.03571428571428571	0.17857142857142858	0.03571428571428571	0.03571428571428571	0.03571428571428571	0.03571428571428571
82	Gathered	0.03571428571428571	0.17857142857142858	0.03571428571428571	0.03571428571428571	0.03571428571428571	0.03571428571428571	0.03571428571428571	0.03571428571428571	0.03571428571428571	0.03571428571428571	0.17857142857142858	0.03571428571428571	0.03571428571428571	0.03571428571428571	0.03571428571428571	0.03571428571428571	0.03571428571428571	0.03571428571428571	0.03571428571428571	0.03571428571428571
83	Tied	0.03571428571428571	0.03571428571428571	0.03571428571428571	0.03571428571428571	0.03571428571428571	0.03571428571428571	0.03571428571428571	0.03571428571428571	0.03571428571428571	0.03571428571428571	0.03571428571428571	0.03571428571428571	0.32142857142857145	0.03571428571428571	0.03571428571428571	0.03571428571428571	0.03571428571428571	0.03571428571428571	0.03571428571428571	0.03571428571428571
84	Laid	0.03125	0.03125	0.03125	0.03125	0.03125	0.03125	0.03125	0.03125	0.03125	0.03125	0.03125	0.03125	0.03125	0.03125	0.03125	0.03125	0.03125	0.03125	0.03125	0.40625
85	Tweet,	0.03571428571428571	0.03571428571428571	0.03571428571428571	0.03571428571428571	0.32142857142857145	0.03571428571428571	0.03571428571428571	0.03571428571428571	0.03571428571428571	0.03571428571428571	0.03571428571428571	0.03571428571428571	0.03571428571428571	0.03571428571428571	0.03571428571428571	0.03571428571428571	0.03571428571428571	0.03571428571428571	0.03571428571428571	0.03571428571428571
86	Then	0.022727272727272728	0.022727272727272728	0.11363636363636363	0.022727272727272728	0.022727272727272728	0.20454545454545456	0.022727272727272728	0.20454545454545456	0.022727272727272728	0.022727272727272728	0.022727272727272728	0.022727272727272728	0.022727272727272728	0.022727272727272728	0.022727272727272728	0.022727272727272728	0.022727272727272728	0.022727272727272728	0.11363636363636363	0.022727272727272728
87		0.03571428571428571	0.03571428571428571	0.17857142857142858	0.03571428571428571	0.03571428571428571	0.03571428571428571	0.03571428571428571	0.03571428571428571	0.03571428571428571	0.17857142857142858	0.03571428571428571	0.03571428571428571	0.03571428571428571	0.03571428571428571	0.03571428571428571	0.03571428571428571	0.03571428571428571	0.03571428571428571	0.03571428571428571	0.03571428571428571
88	My	0.03571428571428571	0.17857142857142858	0.03571428571428571	0.17857142857142858	0.03571428571428571	0.03571428571428571	0.03571428571428571	0.03571428571428571	0.03571428571428571	0.03571428571428571	0.03571428571428571	0.03571428571428571	0.03571428571428571	0.03571428571428571	0.03571428571428571	0.03571428571428571	0.03571428571428571	0.03571428571428571	0.03571428571428571	0.03571428571428571
89	My	0.03571428571428571	0.17857142857142858	0.03571428571428571	0.03571428571428571	0.03571428571428571	0.03571428571428571	0.03571428571428571	0.03571428571428571	0.03571428571428571	0.03571428571428571	0.03571428571428571	0.03571428571428571	0.03571428571428571	0.03571428571428571	0.03571428571428571	0.03571428571428571	0.03571428571428571	0.17857142857142858	0.03571428571428571	0.03571428571428571
90	My	0.03571428571428571	0.03571428571428571	0.03571428571428571	0.03571428571428571	0.03571428571428571	0.03571428571428571	0.03571428571428571	0.03571428571428571	0.03571428571428571	0.03571428571428571	0.03571428571428571	0.17857142857142858	0.03571428571428571	0.03571428571428571	0.03571428571428571	0.17857142857142858	0.03571428571428571	0.03571428571428571	0.03571428571428571	0.03571428571428571
91	Gathered	0.03571428571428571	0.17857142857142858	0.03571428571428571	0.03571428571428571	0.03571428571428571	0.03571428571428571	0.03571428571428571	0.03571428571428571	0.03571428571428571	0.03571428571428571	0.03571428571428571	0.03571428571428571	0.03571428571428571	0.03571428571428571	0.03571428571428571	0.03571428571428571	0.17857142857142858	0.03571428571428571	0.03571428571428571	0.03571428571428571
92	Tied	0.03571428571428571	0.03571428571428571	0.03571428571428571	0.03571428571428571	0.03571428571428571	0.03571428571428571	0.03571428571428571	0.03571428571428571	0.03571428571428571	0.03571428571428571	0.03571428571428571	0.03571428571428571	0.32142857142857145	0.03571428571428571	0.03571428571428571	0.03571428571428571	0.03571428571428571	0.03571428571428571	0.03571428571428571	0.03571428571428571
93	Laid	0.03125	0.03125	0.03125	0.03125	0.03125	0.03125	0.03125	0.03125	0.03125	0.03125	0.03125	0.03125	0.03125	0.03125	0.03125	0.03125	0.03125	0.03125	0.03125	0.40625
94	Tweet,	0.03571428571428571	0.03571428571428571	0.17857142857142858	0.03571428571428571	0.17857142857142858	0.03571428571428571	0.03571428571428571	0.03571428571428571	0.03571428571428571	0.03571428571428571	0.03571428571428571	0.03571428571428571	0.03571428571428571	0.03571428571428571	0.03571428571428571	0.03571428571428571	0.03571428571428571	0.03571428571428571	0.03571428571428571	0.03571428571428571
95	Hearing	0.0125	0.0125	0.3125	0.0125	0.0625	0.3125	0.0125	0.0125	0.0125	0.0125	0.0125	0.0625	0.0125	0.0125	0.0125	0.0125	0.0125	0.0125	0.0625	0.0125
96		0.03571428571428571	0.03571428571428571	0.03571428571428571	0.03571428571428571	0.03571428571428571	0.03571428571428571	0.17857142857142858	0.17857142857142858	0.03571428571428571	0.03571428571428571	0.03571428571428571	0.03571428571428571	0.03571428571428571	0.03571428571428571	0.03571428571428571	0.03571428571428571	0.03571428571428571	0.03571428571428571	0.03571428571428571	0.03571428571428571
97	Then	0.0078125	0.0078125	0.3203125	0.0078125	0.0390625	0.0078125	0.0390625	0.0078125	0.0078125	0.0703125	0.0703125	0.1015625	0.0390625	0.0078125	0.0078125	0.0078125	0.0078125	0.1640625	0.0703125	0.0078125
98		0.03571428571428571	0.03571428571428571	0.17857142857142858	0.03571428571428571	0.03571428571428571	0.03571428571428571	0.03571428571428571	0.03571428571428571	0.03571428571428571	0.03571428571428571	0.03571428571428571	0.03571428571428571	0.03571428571428571	0.03571428571428571	0.17857142857142858	0.03571428571428571	0.03571428571428571	0.03571428571428571	0.03571428571428571	0.03571428571428571
99	"Bird,"	0.03125	0.03125	0.15625	0.03125	0.03125	0.15625	0.03125	0.03125	0.03125	0.15625	0.03125	0.03125	0.03125	0.03125	0.03125	0.03125	0.03125	0.03125	0.03125	0.03125
100		0.03571428571428571	0.03571428571428571	0.03571428571428571	0.03571428571428571	0.03571428571428571	0.03571428571428571	0.17857142857142858	0.03571428571428571	0.03571428571428571	0.03571428571428571	0.03571428571428571	0.03571428571428571	0.03571428571428571	0.03571428571428571	0.17857142857142858	0.03571428571428571	0.03571428571428571	0.03571428571428571	0.03571428571428571	0.03571428571428571
101	"No,"	0.03125	0.03125	0.40625	0.03125	0.03125	0.03125	0.03125	0.03125	0.03125	0.03125	0.03125	0.03125	0.03125	0.03125	0.03125	0.03125	0.03125	0.03125	0.03125	0.03125
102		0.03571428571428571	0.17857142857142858	0.03571428571428571	0.03571428571428571	0.03571428571428571	0.03571428571428571	0.03571428571428571	0.03571428571428571	0.03571428571428571	0.03571428571428571	0.03571428571428571	0.03571428571428571	0.03571428571428571	0.03571428571428571	0.03571428571428571	0.03571428571428571	0.03571428571428571	0.17857142857142858	0.03571428571428571	0.03571428571428571
103	"Wife,"	0.015625	0.015625	0.015625	0.015625	0.015625	0.015625	0.015625	0.015625	0.078125	0.015625	0.265625	0.015625	0.015625	0.015625	0.015625	0.078125	0.078125	0.015625	0.265625	0.015625
104		0.03571428571428571	0.03571428571428571	0.03571428571428571	0.03571428571428571	0.03571428571428571	0.03571428571428571	0.03571428571428571	0.03571428571428571	0.17857142857142858	0.03571428571428571	0.03571428571428571	0.03571428571428571	0.03571428571428571	0.03571428571428571	0.03571428571428571	0.17857142857142858	0.03571428571428571	0.03571428571428571	0.03571428571428571	0.03571428571428571
105	"There,	0.015625	0.078125	0.078125	0.015625	0.015625	0.140625	0.078125	0.265625	0.015625	0.015625	0.078125	0.015625	0.015625	0.015625	0.015625	0.015625	0.015625	0.015625	0.078125	0.015625
106		0.03571428571428571	0.17857142857142858	0.03571428571428571	0.03571428571428571	0.03571428571428571	0.03571428571428571	0.03571428571428571	0.03571428571428571	0.03571428571428571	0.03571428571428571	0.03571428571428571	0.03571428571428571	0.03571428571428571	0.03571428571428571	0.03571428571428571	0.03571428571428571	0.03571428571428571	0.03571428571428571	0.03571428571428571	0.17857142857142858
107	My	0.03571428571428571	0.03571428571428571	0.03571428571428571	0.17857142857142858	0.03571428571428571	0.03571428571428571	0.03571428571428571	0.03571428571428571	0.03571428571428571	0.03571428571428571	0.03571428571428571	0.03571428571428571	0.03571428571428571	0.03571428571428571	0.03571428571428571	0.03571428571428571	0.03571428571428571	0.03571428571428571	0.17857142857142858	0.03571428571428571
108	My	0.03571428571428571	0.17857142857142858	0.03571428571428571	0.03571428571428571	0.03571428571428571	0.03571428571428571	0.03571428571428571	0.03571428571428571	0.03571428571428571	0.03571428571428571	0.03571428571428571	0.03571428571428571	0.03571428571428571	0.03571428571428571	0.03571428571428571	0.03571428571428571	0.17857142857142858	0.03571428571428571	0.03571428571428571	0.03571428571428571
109	My	0.03571428571428571	0.17857142857142858	0.03571428571428571	0.03571428571428571	0.03571428571428571	0.03571428571428571	0.03571428571428571	0.03571428571428571	0.03571428571428571	0.03571428571428571	0.03571428571428571	0.03571428571428571	0.03571428571428571	0.03571428571428571	0.03571428571428571	0.17857142857142858	0.03571428571428571	0.03571428571428571	0.03571428571428571	0.03571428571428571
110	Gathered	0.03571428571428571	0.17857142857142858	0.03571428571428571	0.03571428571428571	0.03571428571428571	0.03571428571428571	0.03571428571428571	0.03571428571428571	0.03571428571428571	0.03571428571428571	0.03571428571428571	0.03571428571428571	0.17857142857142858	0.03571428571428571	0.03571428571428571	0.03571428571428571	0.03571428571428571	0.03571428571428571	0.03571428571428571	0.03571428571428571
111	Tied	0.03571428571428571	0.03571428571428571	0.03571428571428571	0.03571428571428571	0.03571428571428571	0.03571428571428571	0.03571428571428571	0.03571428571428571	0.03571428571428571	0.03571428571428571	0.03571428571428571	0.03571428571428571	0.32142857142857145	0.03571428571428571	0.03571428571428571	0.03571428571428571	0.03571428571428571	0.03571428571428571	0.03571428571428571	0.03571428571428571
112	Laid	0.03125	0.03125	0.03125	0.03125	0.03125	0.03125	0.03125	0.03125	0.03125	0.03125	0.03125	0.03125	0.03125	0.03125	0.03125	0.03125	0.03125	0.03125	0.03125	0.40625
113	Tweet,	0.03571428571428571	0.03571428571428571	0.03571428571428571	0.03571428571428571	0.32142857142857145	0.03571428571428571	0.03571428571428571	0.03571428571428571	0.03571428571428571	0.03571428571428571	0.03571428571428571	0.03571428571428571	0.03571428571428571	0.03571428571428571	0.03571428571428571	0.03571428571428571	0.03571428571428571	0.03571428571428571	0.03571428571428571	0.03571428571428571
114	When	0.007575757575757576	0.007575757575757576	0.007575757575757576	0.007575757575757576	0.007575757575757576	0.007575757575757576	0.007575757575757576	0.7348484848484849	0.007575757575757576	0.03787878787878788	0.09848484848484848	0.007575757575757576	0.007575757575757576	0.007575757575757576	0.007575757575757576	0.007575757575757576	0.007575757575757576	0.007575757575757576	0.007575757575757576	0.007575757575757576
115		0.03571428571428571	0.03571428571428571	0.03571428571428571	0.03571428571428571	0.03571428571428571	0.03571428571428571	0.03571428571428571	0.03571428571428571	0.03571428571428571	0.03571428571428571	0.03571428571428571	0.03571428571428571	0.03571428571428571	0.03571428571428571	0.03571428571428571	0.03571428571428571	0.17857142857142858	0.03571428571428571	0.17857142857142858	0.03571428571428571
116	Then	0.019230769230769232	0.019230769230769232	0.17307692307692307	0.019230769230769232	0.09615384615384616	0.019230769230769232	0.019230769230769232	0.25	0.09615384615384616	0.019230769230769232	0.019230769230769232	0.019230769230769232	0.019230769230769232	0.019230769230769232	0.019230769230769232	0.019230769230769232	0.019230769230769232	0.019230769230769232	0.019230769230769232	0.09615384615384616
117		0.03571428571428571	0.17857142857142858	0.03571428571428571	0.17857142857142858	0.03571428571428571	0.03571428571428571	0.03571428571428571	0.03571428571428571	0.03571428571428571	0.03571428571428571	0.03571428571428571	0.03571428571428571	0.03571428571428571	0.03571428571428571	0.03571428571428571	0.03571428571428571	0.03571428571428571	0.03571428571428571	0.03571428571428571	0.03571428571428571
118	My	0.03571428571428571	0.03571428571428571	0.03571428571428571	0.17857142857142858	0.17857142857142858	0.03571428571428571	0.03571428571428571	0.03571428571428571	0.03571428571428571	0.03571428571428571	0.03571428571428571	0.03571428571428571	0.03571428571428571	0.03571428571428571	0.03571428571428571	0.03571428571428571	0.03571428571428571	0.03571428571428571	0.03571428571428571	0.03571428571428571
119	Then	0.03571428571428571	0.03571428571428571	0.03571428571428571	0.03571428571428571	0.03571428571428571	0.03571428571428571	0.03571428571428571	0.17857142857142858	0.03571428571428571	0.03571428571428571	0.03571428571428571	0.03571428571428571	0.03571428571428571	0.03571428571428571	0.03571428571428571	0.03571428571428571	0.03571428571428571	0.03571428571428571	0.17857142857142858	0.03571428571428571
120		0.03571428571428571	0.03571428571428571	0.03571428571428571	0.03571428571428571	0.17857142857142858	0.03571428571428571	0.03571428571428571	0.03571428571428571	0.03571428571428571	0.03571428571428571	0.03571428571428571	0.03571428571428571	0.03571428571428571	0.03571428571428571	0.03571428571428571	0.03571428571428571	0.03571428571428571	0.03571428571428571	0.03571428571428571	0.17857142857142858
121	My	0.03571428571428571	0.17857142857142858	0.03571428571428571	0.03571428571428571	0.03571428571428571	0.03571428571428571	0.03571428571428571	0.03571428571428571	0.03571428571428571	0.03571428571428571	0.03571428571428571	0.03571428571428571	0.03571428571428571	0.03571428571428571	0.03571428571428571	0.17857142857142858	0.03571428571428571	0.03571428571428571	0.03571428571428571	0.03571428571428571
122	Then	0.03125	0.03125	0.03125	0.03125	0.03125	0.03125	0.03125	0.28125	0.03125	0.03125	0.03125	0.03125	0.03125	0.03125	0.03125	0.03125	0.03125	0.03125	0.15625	0.03125
123		0.03571428571428571	0.03571428571428571	0.03571428571428571	0.03571428571428571	0.03571428571428571	0.03571428571428571	0.03571428571428571	0.03571428571428571	0.03571428571428571	0.03571428571428571	0.03571428571428571	0.03571428571428571	0.03571428571428571	0.03571428571428571	0.03571428571428571	0.03571428571428571	0.32142857142857145	0.03571428571428571	0.03571428571428571	0.03571428571428571
124	My	0.03571428571428571	0.03571428571428571	0.03571428571428571	0.03571428571428571	0.03571428571428571	0.03571428571428571	0.03571428571428571	0.03571428571428571	0.03571428571428571	0.03571428571428571	0.17857142857142858	0.03571428571428571	0.03571428571428571	0.03571428571428571	0.03571428571428571	0.03571428571428571	0.17857142857142858	0.03571428571428571	0.03571428571428571	0.03571428571428571
125	Then	0.03571428571428571	0.03571428571428571	0.03571428571428571	0.03571428571428571	0.03571428571428571	0.03571428571428571	0.03571428571428571	0.17857142857142858	0.03571428571428571	0.03571428571428571	0.03571428571428571	0.03571428571428571	0.03571428571428571	0.03571428571428571	0.03571428571428571	0.03571428571428571	0.03571428571428571	0.03571428571428571	0.17857142857142858	0.03571428571428571
126		0.03571428571428571	0.03571428571428571	0.03571428571428571	0.03571428571428571	0.03571428571428571	0.03571428571428571	0.03571428571428571	0.03571428571428571	0.03571428571428571	0.03571428571428571	0.17857142857142858	0.03571428571428571	0.03571428571428571	0.03571428571428571	0.03571428571428571	0.03571428571428571	0.17857142857142858	0.03571428571428571	0.03571428571428571	0.03571428571428571
127	Gathered	0.03571428571428571	0.17857142857142858	0.03571428571428571	0.03571428571428571	0.03571428571428571	0.03571428571428571	0.03571428571428571	0.03571428571428571	0.03571428571428571	0.17857142857142858	0.03571428571428571	0.03571428571428571	0.03571428571428571	0.03571428571428571	0.03571428571428571	0.03571428571428571	0.03571428571428571	0.03571428571428571	0.03571428571428571	0.03571428571428571
128	Tied	0.03571428571428571	0.03571428571428571	0.03571428571428571	0.03571428571428571	0.03571428571428571	0.03571428571428571	0.03571428571428571	0.03571428571428571	0.03571428571428571	0.03571428571428571	0.03571428571428571	0.03571428571428571	0.32142857142857145	0.03571428571428571	0.03571428571428571	0.03571428571428571	0.03571428571428571	0.03571428571428571	0.03571428571428571	0.03571428571428571
129	Now	0.03571428571428571	0.03571428571428571	0.03571428571428571	0.03571428571428571	0.03571428571428571	0.03571428571428571	0.03571428571428571	0.17857142857142858	0.03571428571428571	0.03571428571428571	0.03571428571428571	0.03571428571428571	0.03571428571428571	0.03571428571428571	0.17857142857142858	0.03571428571428571	0.03571428571428571	0.03571428571428571	0.03571428571428571	0.03571428571428571
130		0.03571428571428571	0.03571428571428571	0.03571428571428571	0.03571428571428571	0.03571428571428571	0.03571428571428571	0.03571428571428571	0.03571428571428571	0.03571428571428571	0.03571428571428571	0.03571428571428571	0.03571428571428571	0.03571428571428571	0.03571428571428571	0.17857142857142858	0.03571428571428571	0.03571428571428571	0.03571428571428571	0.03571428571428571	0.17857142857142858
131	Laid	0.03571428571428571	0.03571428571428571	0.03571428571428571	0.03571428571428571	0.17857142857142858	0.03571428571428571	0.03571428571428571	0.03571428571428571	0.03571428571428571	0.03571428571428571	0.03571428571428571	0.03571428571428571	0.03571428571428571	0.03571428571428571	0.17857142857142858	0.03571428571428571	0.03571428571428571	0.03571428571428571	0.03571428571428571	0.03571428571428571
132	Now	0.03571428571428571	0.03571428571428571	0.03571428571428571	0.03571428571428571	0.03571428571428571	0.03571428571428571	0.17857142857142858	0.03571428571428571	0.03571428571428571	0.17857142857142858	0.03571428571428571	0.03571428571428571	0.03571428571428571	0.03571428571428571	0.03571428571428571	0.03571428571428571	0.03571428571428571	0.03571428571428571	0.03571428571428571	0.03571428571428571
133		0.03571428571428571	0.03571428571428571	0.17857142857142858	0.03571428571428571	0.03571428571428571	0.03571428571428571	0.03571428571428571	0.03571428571428571	0.03571428571428571	0.03571428571428571	0.03571428571428571	0.03571428571428571	0.03571428571428571	0.03571428571428571	0.03571428571428571	0.03571428571428571	0.03571428571428571	0.03571428571428571	0.17857142857142858	0.03571428571428571
134	the	0.03571428571428571	0.03571428571428571	0.03571428571428571	0.03571428571428571	0.03571428571428571	0.03571428571428571	0.03571428571428571	0.03571428571428571	0.03571428571428571	0.03571428571428571	0.03571428571428571	0.03571428571428571	0.03571428571428571	0.03571428571428571	0.03571428571428571	0.03571428571428571	0.03571428571428571	0.17857142857142858	0.03571428571428571	0.17857142857142858
135	Now	0.03571428571428571	0.03571428571428571	0.03571428571428571	0.03571428571428571	0.17857142857142858	0.03571428571428571	0.03571428571428571	0.03571428571428571	0.03571428571428571	0.03571428571428571	0.03571428571428571	0.03571428571428571	0.03571428571428571	0.03571428571428571	0.03571428571428571	0.03571428571428571	0.17857142857142858	0.03571428571428571	0.03571428571428571	0.03571428571428571
136		0.03571428571428571	0.03571428571428571	0.03571428571428571	0.03571428571428571	0.03571428571428571	0.03571428571428571	0.03571428571428571	0.03571428571428571	0.03571428571428571	0.03571428571428571	0.03571428571428571	0.03571428571428571	0.03571428571428571	0.03571428571428571	0.03571428571428571	0.03571428571428571	0.03571428571428571	0.17857142857142858	0.17857142857142858	0.03571428571428571
137	Tweet,	0.03571428571428571	0.03571428571428571	0.03571428571428571	0.03571428571428571	0.32142857142857145	0.03571428571428571	0.03571428571428571	0.03571428571428571	0.03571428571428571	0.03571428571428571	0.03571428571428571	0.03571428571428571	0.03571428571428571	0.03571428571428571	0.03571428571428571	0.03571428571428571	0.03571428571428571	0.03571428571428571	0.03571428571428571	0.03571428571428571
138	Then	0.019230769230769232	0.09615384615384616	0.25	0.17307692307692307	0.019230769230769232	0.019230769230769232	0.019230769230769232	0.019230769230769232	0.09615384615384616	0.019230769230769232	0.019230769230769232	0.019230769230769232	0.019230769230769232	0.019230769230769232	0.019230769230769232	0.019230769230769232	0.019230769230769232	0.019230769230769232	0.09615384615384616	0.019230769230769232
139		0.17857142857142858	0.03571428571428571	0.03571428571428571	0.03571428571428571	0.03571428571428571	0.03571428571428571	0.03571428571428571	0.03571428571428571	0.03571428571428571	0.03571428571428571	0.03571428571428571	0.03571428571428571	0.03571428571428571	0.03571428571428571	0.03571428571428571	0.03571428571428571	0.03571428571428571	0.03571428571428571	0.17857142857142858	0.03571428571428571
140	"No,"	0.025	0.025	0.425	0.025	0.025	0.025	0.025	0.025	0.025	0.025	0.025	0.025	0.025	0.025	0.025	0.025	0.125	0.025	0.025	0.025
141		0.03571428571428571	0.03571428571428571	0.03571428571428571	0.03571428571428571	0.03571428571428571	0.03571428571428571	0.03571428571428571	0.03571428571428571	0.03571428571428571	0.03571428571428571	0.03571428571428571	0.03571428571428571	0.03571428571428571	0.03571428571428571	0.17857142857142858	0.03571428571428571	0.17857142857142858	0.03571428571428571	0.03571428571428571	0.03571428571428571
142	"Yes,"	0.03571428571428571	0.03571428571428571	0.03571428571428571	0.17857142857142858	0.03571428571428571	0.03571428571428571	0.03571428571428571	0.17857142857142858	0.03571428571428571	0.03571428571428571	0.03571428571428571	0.03571428571428571	0.03571428571428571	0.03571428571428571	0.03571428571428571	0.03571428571428571	0.03571428571428571	0.03571428571428571	0.03571428571428571	0.03571428571428571
143		0.03571428571428571	0.03571428571428571	0.03571428571428571	0.03571428571428571	0.03571428571428571	0.03571428571428571	0.03571428571428571	0.03571428571428571	0.03571428571428571	0.03571428571428571	0.03571428571428571	0.03571428571428571	0.03571428571428571	0.03571428571428571	0.17857142857142858	0.03571428571428571	0.03571428571428571	0.17857142857142858	0.03571428571428571	0.03571428571428571
144	"Yes,"	0.17857142857142858	0.03571428571428571	0.03571428571428571	0.03571428571428571	0.03571428571428571	0.03571428571428571	0.03571428571428571	0.03571428571428571	0.03571428571428571	0.03571428571428571	0.03571428571428571	0.03571428571428571	0.03571428571428571	0.03571428571428571	0.03571428571428571	0.03571428571428571	0.03571428571428571	0.03571428571428571	0.17857142857142858	0.03571428571428571
145		0.03571428571428571	0.03571428571428571	0.17857142857142858	0.03571428571428571	0.03571428571428571	0.03571428571428571	0.03571428571428571	0.03571428571428571	0.03571428571428571	0.03571428571428571	0.03571428571428571	0.03571428571428571	0.03571428571428571	0.03571428571428571	0.03571428571428571	0.17857142857142858	0.03571428571428571	0.03571428571428571	0.03571428571428571	0.03571428571428571
146	Then	0.017857142857142856	0.017857142857142856	0.08928571428571429	0.017857142857142856	0.017857142857142856	0.017857142857142856	0.017857142857142856	0.08928571428571429	0.017857142857142856	0.017857142857142856	0.017857142857142856	0.017857142857142856	0.375	0.08928571428571429	0.017857142857142856	0.017857142857142856	0.017857142857142856	0.08928571428571429	0.017857142857142856	0.017857142857142856
147		0.03571428571428571	0.03571428571428571	0.03571428571428571	0.03571428571428571	0.03571428571428571	0.03571428571428571	0.32142857142857145	0.03571428571428571	0.03571428571428571	0.03571428571428571	0.03571428571428571	0.03571428571428571	0.03571428571428571	0.03571428571428571	0.03571428571428571	0.03571428571428571	0.03571428571428571	0.03571428571428571	0.03571428571428571	0.03571428571428571
148	The	0.08928571428571429	0.017857142857142856	0.017857142857142856	0.017857142857142856	0.08928571428571429	0.08928571428571429	0.017857142857142856	0.30357142857142855	0.017857142857142856	0.017857142857142856	0.017857142857142856	0.017857142857142856	0.017857142857142856	0.017857142857142856	0.017857142857142856	0.017857142857142856	0.017857142857142856	0.08928571428571429	0.017857142857142856	0.08928571428571429
149		0.03571428571428571	0.03571428571428571	0.03571428571428571	0.03571428571428571	0.03571428571428571	0.03571428571428571	0.03571428571428571	0.03571428571428571	0.03571428571428571	0.03571428571428571	0.03571428571428571	0.03571428571428571	0.03571428571428571	0.03571428571428571	0.03571428571428571	0.03571428571428571	0.17857142857142858	0.17857142857142858	0.03571428571428571	0.03571428571428571
150	My	0.03571428571428571	0.03571428571428571	0.03571428571428571	0.17857142857142858	0.03571428571428571	0.03571428571428571	0.03571428571428571	0.03571428571428571	0.03571428571428571	0.03571428571428571	0.03571428571428571	0.03571428571428571	0.03571428571428571	0.03571428571428571	0.03571428571428571	0.03571428571428571	0.03571428571428571	0.17857142857142858	0.03571428571428571	0.03571428571428571
151	My	0.03571428571428571	0.17857142857142858	0.03571428571428571	0.03571428571428571	0.03571428571428571	0.03571428571428571	0.03571428571428571	0.17857142857142858	0.03571428571428571	0.03571428571428571	0.03571428571428571	0.03571428571428571	0.03571428571428571	0.03571428571428571	0.03571428571428571	0.03571428571428571	0.03571428571428571	0.03571428571428571	0.03571428571428571	0.03571428571428571
152	My	0.03571428571428571	0.03571428571428571	0.03571428571428571	0.03571428571428571	0.03571428571428571	0.03571428571428571	0.03571428571428571	0.03571428571428571	0.03571428571428571	0.03571428571428571	0.03571428571428571	0.03571428571428571	0.17857142857142858	0.03571428571428571	0.03571428571428571	0.17857142857142858	0.03571428571428571	0.03571428571428571	0.03571428571428571	0.03571428571428571
153	Gathered	0.03571428571428571	0.17857142857142858	0.03571428571428571	0.03571428571428571	0.03571428571428571	0.03571428571428571	0.03571428571428571	0.03571428571428571	0.03571428571428571	0.03571428571428571	0.03571428571428571	0.03571428571428571	0.03571428571428571	0.03571428571428571	0.03571428571428571	0.03571428571428571	0.03571428571428571	0.03571428571428571	0.17857142857142858	0.03571428571428571
154	Tied	0.03571428571428571	0.03571428571428571	0.03571428571428571	0.03571428571428571	0.03571428571428571	0.03571428571428571	0.03571428571428571	0.03571428571428571	0.03571428571428571	0.03571428571428571	0.03571428571428571	0.03571428571428571	0.32142857142857145	0.03571428571428571	0.03571428571428571	0.03571428571428571	0.03571428571428571	0.03571428571428571	0.03571428571428571	0.03571428571428571
155	Laid	0.03125	0.03125	0.03125	0.03125	0.03125	0.03125	0.03125	0.03125	0.03125	0.03125	0.03125	0.03125	0.03125	0.03125	0.03125	0.03125	0.03125	0.03125	0.03125	0.40625
156	Tweet,	0.03571428571428571	0.03571428571428571	0.03571428571428571	0.03571428571428571	0.32142857142857145	0.03571428571428571	0.03571428571428571	0.03571428571428571	0.03571428571428571	0.03571428571428571	0.03571428571428571	0.03571428571428571	0.03571428571428571	0.03571428571428571	0.03571428571428571	0.03571428571428571	0.03571428571428571	0.03571428571428571	0.03571428571428571	0.03571428571428571
157	When	0.013888888888888888	0.013888888888888888	0.013888888888888888	0.06944444444444445	0.013888888888888888	0.013888888888888888	0.013888888888888888	0.2916666666666667	0.013888888888888888	0.013888888888888888	0.18055555555555555	0.013888888888888888	0.013888888888888888	0.013888888888888888	0.013888888888888888	0.013888888888888888	0.18055555555555555	0.06944444444444445	0.013888888888888888	0.013888888888888888
158		0.03571428571428571	0.03571428571428571	0.03571428571428571	0.03571428571428571	0.03571428571428571	0.03571428571428571	0.03571428571428571	0.17857142857142858	0.03571428571428571	0.03571428571428571	0.03571428571428571	0.03571428571428571	0.03571428571428571	0.03571428571428571	0.03571428571428571	0.03571428571428571	0.03571428571428571	0.03571428571428571	0.17857142857142858	0.03571428571428571
159	In	0.022727272727272728	0.022727272727272728	0.022727272727272728	0.022727272727272728	0.022727272727272728	0.11363636363636363	0.022727272727272728	0.022727272727272728	0.20454545454545456	0.022727272727272728	0.022727272727272728	0.022727272727272728	0.022727272727272728	0.022727272727272728	0.11363636363636363	0.20454545454545456	0.022727272727272728	0.022727272727272728	0.022727272727272728	0.022727272727272728
160		0.03571428571428571	0.03571428571428571	0.03571428571428571	0.17857142857142858	0.03571428571428571	0.03571428571428571	0.03571428571428571	0.03571428571428571	0.03571428571428571	0.03571428571428571	0.03571428571428571	0.03571428571428571	0.17857142857142858	0.03571428571428571	0.03571428571428571	0.03571428571428571	0.03571428571428571	0.03571428571428571	0.03571428571428571	0.03571428571428571
161	The	0.03125	0.03125	0.03125	0.03125	0.03125	0.03125	0.03125	0.03125	0.03125	0.03125	0.15625	0.03125	0.03125	0.03125	0.28125	0.03125	0.03125	0.03125	0.03125	0.03125
162		0.03571428571428571	0.03571428571428571	0.03571428571428571	0.03571428571428571	0.03571428571428571	0.03571428571428571	0.17857142857142858	0.03571428571428571	0.03571428571428571	0.03571428571428571	0.03571428571428571	0.03571428571428571	0.03571428571428571	0.03571428571428571	0.03571428571428571	0.03571428571428571	0.03571428571428571	0.17857142857142858	0.03571428571428571	0.03571428571428571
163	"Not	0.022727272727272728	0.022727272727272728	0.022727272727272728	0.022727272727272728	0.022727272727272728	0.022727272727272728	0.11363636363636363	0.022727272727272728	0.11363636363636363	0.11363636363636363	0.022727272727272728	0.022727272727272728	0.022727272727272728	0.022727272727272728	0.20454545454545456	0.022727272727272728	0.022727272727272728	0.022727272727272728	0.11363636363636363	0.022727272727272728
164		0.03571428571428571	0.03571428571428571	0.03571428571428571	0.17857142857142858	0.03571428571428571	0.03571428571428571	0.03571428571428571	0.03571428571428571	0.03571428571428571	0.03571428571428571	0.03571428571428571	0.17857142857142858	0.03571428571428571	0.03571428571428571	0.03571428571428571	0.03571428571428571	0.03571428571428571	0.03571428571428571	0.03571428571428571	0.03571428571428571
165	But	0.03125	0.03125	0.03125	0.03125	0.03125	0.03125	0.03125	0.03125	0.03125	0.03125	0.03125	0.03125	0.03125	0.03125	0.03125	0.40625	0.03125	0.03125	0.03125	0.03125
166		0.03571428571428571	0.03571428571428571	0.32142857142857145	0.03571428571428571	0.03571428571428571	0.03571428571428571	0.03571428571428571	0.03571428571428571	0.03571428571428571	0.03571428571428571	0.03571428571428571	0.03571428571428571	0.03571428571428571	0.03571428571428571	0.03571428571428571	0.03571428571428571	0.03571428571428571	0.03571428571428571	0.03571428571428571	0.03571428571428571
167	Then	0.014705882352941176	0.014705882352941176	0.1323529411764706	0.014705882352941176	0.014705882352941176	0.19117647058823528	0.014705882352941176	0.1323529411764706	0.014705882352941176	0.014705882352941176	0.014705882352941176	0.014705882352941176	0.014705882352941176	0.014705882352941176	0.25	0.014705882352941176	0.07352941176470588	0.014705882352941176	0.014705882352941176	0.014705882352941176
168		0.03571428571428571	0.17857142857142858	0.03571428571428571	0.03571428571428571	0.03571428571428571	0.03571428571428571	0.03571428571428571	0.03571428571428571	0.03571428571428571	0.03571428571428571	0.03571428571428571	0.03571428571428571	0.03571428571428571	0.03571428571428571	0.17857142857142858	0.03571428571428571	0.03571428571428571	0.03571428571428571	0.03571428571428571	0.03571428571428571
169	"Not	0.05	0.05	0.01	0.01	0.01	0.01	0.01	0.01	0.09	0.09	0.01	0.01	0.01	0.13	0.09	0.25	0.01	0.01	0.13	0.01
170		0.03571428571428571	0.03571428571428571	0.03571428571428571	0.03571428571428571	0.03571428571428571	0.03571428571428571	0.03571428571428571	0.03571428571428571	0.03571428571428571	0.03571428571428571	0.03571428571428571	0.03571428571428571	0.03571428571428571	0.03571428571428571	0.17857142857142858	0.03571428571428571	0.03571428571428571	0.03571428571428571	0.03571428571428571	0.17857142857142858
171	Then	0.025	0.025	0.125	0.025	0.025	0.025	0.025	0.225	0.025	0.025	0.025	0.025	0.025	0.025	0.025	0.025	0.025	0.025	0.025	0.225
172		0.03571428571428571	0.03571428571428571	0.03571428571428571	0.03571428571428571	0.03571428571428571	0.03571428571428571	0.03571428571428571	0.03571428571428571	0.03571428571428571	0.03571428571428571	0.17857142857142858	0.03571428571428571	0.03571428571428571	0.03571428571428571	0.03571428571428571	0.03571428571428571	0.03571428571428571	0.03571428571428571	0.17857142857142858	0.03571428571428571
173	My	0.03571428571428571	0.03571428571428571	0.03571428571428571	0.17857142857142858	0.03571428571428571	0.17857142857142858	0.03571428571428571	0.03571428571428571	0.03571428571428571	0.03571428571428571	0.03571428571428571	0.03571428571428571	0.03571428571428571	0.03571428571428571	0.03571428571428571	0.03571428571428571	0.03571428571428571	0.03571428571428571	0.03571428571428571	0.03571428571428571
174	The	0.013157894736842105	0.013157894736842105	0.013157894736842105	0.27631578947368424	0.013157894736842105	0.013157894736842105	0.013157894736842105	0.013157894736842105	0.013157894736842105	0.013157894736842105	0.013157894736842105	0.06578947368421052	0.013157894736842105	0.013157894736842105	0.013157894736842105	0.013157894736842105	0.013157894736842105	0.013157894736842105	0.4342105263157895	0.013157894736842105
175		0.03571428571428571	0.03571428571428571	0.03571428571428571	0.03571428571428571	0.03571428571428571	0.03571428571428571	0.17857142857142858	0.03571428571428571	0.03571428571428571	0.03571428571428571	0.03571428571428571	0.03571428571428571	0.17857142857142858	0.03571428571428571	0.03571428571428571	0.03571428571428571	0.03571428571428571	0.03571428571428571	0.03571428571428571	0.03571428571428571
176	My	0.03571428571428571	0.17857142857142858	0.03571428571428571	0.03571428571428571	0.03571428571428571	0.03571428571428571	0.03571428571428571	0.03571428571428571	0.03571428571428571	0.17857142857142858	0.03571428571428571	0.03571428571428571	0.03571428571428571	0.03571428571428571	0.03571428571428571	0.03571428571428571	0.03571428571428571	0.03571428571428571	0.03571428571428571	0.03571428571428571
177	"Oh,	0.078125	0.015625	0.140625	0.015625	0.078125	0.328125	0.015625	0.015625	0.015625	0.015625	0.015625	0.015625	0.015625	0.015625	0.015625	0.078125	0.078125	0.015625	0.015625	0.015625
178		0.03571428571428571	0.03571428571428571	0.03571428571428571	0.03571428571428571	0.03571428571428571	0.03571428571428571	0.03571428571428571	0.03571428571428571	0.03571428571428571	0.17857142857142858	0.03571428571428571	0.03571428571428571	0.03571428571428571	0.03571428571428571	0.03571428571428571	0.03571428571428571	0.17857142857142858	0.03571428571428571	0.03571428571428571	0.03571428571428571
179	My	0.03571428571428571	0.03571428571428571	0.17857142857142858	0.03571428571428571	0.03571428571428571	0.03571428571428571	0.03571428571428571	0.03571428571428571	0.03571428571428571	0.03571428571428571	0.03571428571428571	0.03571428571428571	0.03571428571428571	0.03571428571428571	0.03571428571428571	0.17857142857142858	0.03571428571428571	0.03571428571428571	0.03571428571428571	0.03571428571428571
180	Then	0.019230769230769232	0.019230769230769232	0.019230769230769232	0.019230769230769232	0.17307692307692307	0.019230769230769232	0.019230769230769232	0.019230769230769232	0.25	0.019230769230769232	0.019230769230769232	0.019230769230769232	0.019230769230769232	0.019230769230769232	0.019230769230769232	0.17307692307692307	0.019230769230769232	0.019230769230769232	0.09615384615384616	0.019230769230769232
181		0.03571428571428571	0.03571428571428571	0.03571428571428571	0.03571428571428571	0.17857142857142858	0.03571428571428571	0.03571428571428571	0.03571428571428571	0.03571428571428571	0.03571428571428571	0.03571428571428571	0.03571428571428571	0.03571428571428571	0.03571428571428571	0.03571428571428571	0.03571428571428571	0.03571428571428571	0.03571428571428571	0.03571428571428571	0.17857142857142858
182	"Oh,	0.025	0.025	0.025	0.025	0.025	0.025	0.125	0.025	0.025	0.025	0.025	0.025	0.025	0.025	0.425	0.025	0.025	0.025	0.025	0.025
183		0.03571428571428571	0.03571428571428571	0.03571428571428571	0.17857142857142858	0.03571428571428571	0.17857142857142858	0.03571428571428571	0.03571428571428571	0.03571428571428571	0.03571428571428571	0.03571428571428571	0.03571428571428571	0.03571428571428571	0.03571428571428571	0.03571428571428571	0.03571428571428571	0.03571428571428571	0.03571428571428571	0.03571428571428571	0.03571428571428571
184	But	0.03125	0.03125	0.03125	0.03125	0.15625	0.15625	0.03125	0.03125	0.03125	0.03125	0.03125	0.15625	0.03125	0.03125	0.03125	0.03125	0.03125	0.03125	0.03125	0.03125
185		0.03571428571428571	0.03571428571428571	0.03571428571428571	0.03571428571428571	0.03571428571428571	0.03571428571428571	0.03571428571428571	0.03571428571428571	0.03571428571428571	0.03571428571428571	0.03571428571428571	0.17857142857142858	0.03571428571428571	0.03571428571428571	0.03571428571428571	0.17857142857142858	0.03571428571428571	0.03571428571428571	0.03571428571428571	0.03571428571428571
186	Gathered	0.03571428571428571	0.17857142857142858	0.03571428571428571	0.03571428571428571	0.03571428571428571	0.03571428571428571	0.03571428571428571	0.03571428571428571	0.17857142857142858	0.03571428571428571	0.03571428571428571	0.03571428571428571	0.03571428571428571	0.03571428571428571	0.03571428571428571	0.03571428571428571	0.03571428571428571	0.03571428571428571	0.03571428571428571	0.03571428571428571
187	Tied	0.03571428571428571	0.03571428571428571	0.03571428571428571	0.03571428571428571	0.03571428571428571	0.03571428571428571	0.03571428571428571	0.03571428571428571	0.03571428571428571	0.03571428571428571	0.03571428571428571	0.03571428571428571	0.32142857142857145	0.03571428571428571	0.03571428571428571	0.03571428571428571	0.03571428571428571	0.03571428571428571	0.03571428571428571	0.03571428571428571
188	Laid	0.03125	0.03125	0.03125	0.03125	0.03125	0.03125	0.03125	0.03125	0.03125	0.03125	0.03125	0.03125	0.03125	0.03125	0.03125	0.03125	0.03125	0.03125	0.03125	0.40625
189	Tweet,	0.03571428571428571	0.03571428571428571	0.03571428571428571	0.03571428571428571	0.32142857142857145	0.03571428571428571	0.03571428571428571	0.03571428571428571	0.03571428571428571	0.03571428571428571	0.03571428571428571	0.03571428571428571	0.03571428571428571	0.03571428571428571	0.03571428571428571	0.03571428571428571	0.03571428571428571	0.03571428571428571	0.03571428571428571	0.03571428571428571
190	With	0.011904761904761904	0.011904761904761904	0.15476190476190477	0.011904761904761904	0.15476190476190477	0.05952380952380952	0.20238095238095238	0.011904761904761904	0.011904761904761904	0.20238095238095238	0.011904761904761904	0.011904761904761904	0.011904761904761904	0.011904761904761904	0.011904761904761904	0.011904761904761904	0.011904761904761904	0.05952380952380952	0.011904761904761904	0.011904761904761904
191		0.03571428571428571	0.03571428571428571	0.03571428571428571	0.17857142857142858	0.03571428571428571	0.03571428571428571	0.03571428571428571	0.03571428571428571	0.03571428571428571	0.03571428571428571	0.17857142857142858	0.03571428571428571	0.03571428571428571	0.03571428571428571	0.03571428571428571	0.03571428571428571	0.03571428571428571	0.03571428571428571	0.03571428571428571	0.03571428571428571
192	But	0.016666666666666666	0.016666666666666666	0.016666666666666666	0.016666666666666666	0.08333333333333333	0.016666666666666666	0.21666666666666667	0.15	0.21666666666666667	0.016666666666666666	0.016666666666666666	0.016666666666666666	0.016666666666666666	0.08333333333333333	0.016666666666666666	0.016666666666666666	0.016666666666666666	0.016666666666666666	0.016666666666666666	0.016666666666666666
193		0.03571428571428571	0.03571428571428571	0.32142857142857145	0.03571428571428571	0.03571428571428571	0.03571428571428571	0.03571428571428571	0.03571428571428571	0.03571428571428571	0.03571428571428571	0.03571428571428571	0.03571428571428571	0.03571428571428571	0.03571428571428571	0.03571428571428571	0.03571428571428571	0.03571428571428571	0.03571428571428571	0.03571428571428571	0.03571428571428571
194	My	0.03571428571428571	0.03571428571428571	0.03571428571428571	0.17857142857142858	0.03571428571428571	0.03571428571428571	0.03571428571428571	0.03571428571428571	0.03571428571428571	0.03571428571428571	0.03571428571428571	0.03571428571428571	0.17857142857142858	0.03571428571428571	0.03571428571428571	0.03571428571428571	0.03571428571428571	0.03571428571428571	0.03571428571428571	0.03571428571428571
195	"I	0.125	0.025	0.025	0.225	0.025	0.025	0.025	0.025	0.025	0.025	0.025	0.025	0.025	0.025	0.025	0.125	0.025	0.025	0.025	0.125
196		0.03571428571428571	0.03571428571428571	0.03571428571428571	0.03571428571428571	0.03571428571428571	0.03571428571428571	0.03571428571428571	0.03571428571428571	0.03571428571428571	0.17857142857142858	0.03571428571428571	0.17857142857142858	0.03571428571428571	0.03571428571428571	0.03571428571428571	0.03571428571428571	0.03571428571428571	0.03571428571428571	0.03571428571428571	0.03571428571428571
197	My	0.03571428571428571	0.17857142857142858	0.03571428571428571	0.03571428571428571	0.03571428571428571	0.03571428571428571	0.03571428571428571	0.03571428571428571	0.03571428571428571	0.03571428571428571	0.03571428571428571	0.03571428571428571	0.03571428571428571	0.03571428571428571	0.03571428571428571	0.03571428571428571	0.03571428571428571	0.17857142857142858	0.03571428571428571	0.03571428571428571
198	Then	0.03125	0.03125	0.03125	0.03125	0.03125	0.03125	0.28125	0.03125	0.03125	0.03125	0.15625	0.03125	0.03125	0.03125	0.03125	0.03125	0.03125	0.03125	0.03125	0.03125
199		0.03571428571428571	0.17857142857142858	0.03571428571428571	0.03571428571428571	0.03571428571428571	0.03571428571428571	0.03571428571428571	0.03571428571428571	0.03571428571428571	0.03571428571428571	0.17857142857142858	0.03571428571428571	0.03571428571428571	0.03571428571428571	0.03571428571428571	0.03571428571428571	0.03571428571428571	0.03571428571428571	0.03571428571428571	0.03571428571428571
200	My	0.03571428571428571	0.17857142857142858	0.03571428571428571	0.03571428571428571	0.03571428571428571	0.03571428571428571	0.03571428571428571	0.03571428571428571	0.03571428571428571	0.03571428571428571	0.03571428571428571	0.03571428571428571	0.03571428571428571	0.03571428571428571	0.03571428571428571	0.03571428571428571	0.17857142857142858	0.03571428571428571	0.03571428571428571	0.03571428571428571
201	"Oh,"	0.03125	0.03125	0.28125	0.03125	0.03125	0.03125	0.03125	0.03125	0.03125	0.03125	0.03125	0.03125	0.03125	0.03125	0.03125	0.15625	0.03125	0.03125	0.03125	0.03125
202		0.03571428571428571	0.03571428571428571	0.17857142857142858	0.03571428571428571	0.03571428571428571	0.17857142857142858	0.03571428571428571	0.03571428571428571	0.03571428571428571	0.03571428571428571	0.03571428571428571	0.03571428571428571	0.03571428571428571	0.03571428571428571	0.03571428571428571	0.03571428571428571	0.03571428571428571	0.03571428571428571	0.03571428571428571	0.03571428571428571
203	Gathered	0.03571428571428571	0.32142857142857145	0.03571428571428571	0.03571428571428571	0.03571428571428571	0.03571428571428571	0.03571428571428571	0.03571428571428571	0.03571428571428571	0.03571428571428571	0.03571428571428571	0.03571428571428571	0.03571428571428571	0.03571428571428571	0.03571428571428571	0.03571428571428571	0.03571428571428571	0.03571428571428571	0.03571428571428571	0.03571428571428571
204	Tied	0.03571428571428571	0.03571428571428571	0.03571428571428571	0.03571428571428571	0.03571428571428571	0.03571428571428571	0.03571428571428571	0.03571428571428571	0.03571428571428571	0.03571428571428571	0.03571428571428571	0.03571428571428571	0.32142857142857145	0.03571428571428571	0.03571428571428571	0.03571428571428571	0.03571428571428571	0.03571428571428571	0.03571428571428571	0.03571428571428571
205	He	0.03571428571428571	0.03571428571428571	0.03571428571428571	0.03571428571428571	0.03571428571428571	0.03571428571428571	0.03571428571428571	0.03571428571428571	0.03571428571428571	0.03571428571428571	0.17857142857142858	0.17857142857142858	0.03571428571428571	0.03571428571428571	0.03571428571428571	0.03571428571428571	0.03571428571428571	0.03571428571428571	0.03571428571428571	0.03571428571428571
206		0.03571428571428571	0.03571428571428571	0.17857142857142858	0.03571428571428571	0.03571428571428571	0.03571428571428571	0.03571428571428571	0.03571428571428571	0.03571428571428571	0.03571428571428571	0.03571428571428571	0.17857142857142858	0.03571428571428571	0.03571428571428571	0.03571428571428571	0.03571428571428571	0.03571428571428571	0.03571428571428571	0.03571428571428571	0.03571428571428571
207	Laid	0.03125	0.03125	0.03125	0.03125	0.03125	0.03125	0.03125	0.03125	0.03125	0.03125	0.03125	0.03125	0.03125	0.03125	0.03125	0.03125	0.03125	0.03125	0.03125	0.40625
208	Tweet,	0.03571428571428571	0.03571428571428571	0.17857142857142858	0.03571428571428571	0.17857142857142858	0.03571428571428571	0.03571428571428571	0.03571428571428571	0.03571428571428571	0.03571428571428571	0.03571428571428571	0.03571428571428571	0.03571428571428571	0.03571428571428571	0.03571428571428571	0.03571428571428571	0.03571428571428571	0.03571428571428571	0.03571428571428571	0.03571428571428571
209	Then	0.0125	0.0125	0.1125	0.0125	0.0125	0.0125	0.0625	0.0125	0.0125	0.0625	0.4125	0.0125	0.0125	0.0125	0.0625	0.0125	0.1125	0.0125	0.0125	0.0125
210		0.03571428571428571	0.03571428571428571	0.03571428571428571	0.03571428571428571	0.03571428571428571	0.03571428571428571	0.17857142857142858	0.03571428571428571	0.03571428571428571	0.03571428571428571	0.03571428571428571	0.03571428571428571	0.03571428571428571	0.03571428571428571	0.03571428571428571	0.03571428571428571	0.17857142857142858	0.03571428571428571	0.03571428571428571	0.03571428571428571
211	"No,"	0.013888888888888888	0.06944444444444445	0.013888888888888888	0.013888888888888888	0.013888888888888888	0.013888888888888888	0.125	0.013888888888888888	0.013888888888888888	0.013888888888888888	0.013888888888888888	0.06944444444444445	0.013888888888888888	0.013888888888888888	0.4583333333333333	0.013888888888888888	0.013888888888888888	0.013888888888888888	0.06944444444444445	0.013888888888888888
212		0.03571428571428571	0.03571428571428571	0.03571428571428571	0.03571428571428571	0.17857142857142858	0.03571428571428571	0.17857142857142858	0.03571428571428571	0.03571428571428571	0.03571428571428571	0.03571428571428571	0.03571428571428571	0.03571428571428571	0.03571428571428571	0.03571428571428571	0.03571428571428571	0.03571428571428571	0.03571428571428571	0.03571428571428571	0.03571428571428571
213	And	0.019230769230769232	0.019230769230769232	0.019230769230769232	0.09615384615384616	0.09615384615384616	0.019230769230769232	0.019230769230769232	0.019230769230769232	0.019230769230769232	0.019230769230769232	0.019230769230769232	0.09615384615384616	0.019230769230769232	0.019230769230769232	0.019230769230769232	0.019230769230769232	0.09615384615384616	0.3269230769230769	0.019230769230769232	0.019230769230769232
214		0.03571428571428571	0.03571428571428571	0.03571428571428571	0.03571428571428571	0.03571428571428571	0.03571428571428571	0.03571428571428571	0.03571428571428571	0.03571428571428571	0.03571428571428571	0.17857142857142858	0.03571428571428571	0.17857142857142858	0.03571428571428571	0.03571428571428571	0.03571428571428571	0.03571428571428571	0.03571428571428571	0.03571428571428571	0.03571428571428571
215	The	0.056818181818181816	0.10227272727272728	0.011363636363636364	0.011363636363636364	0.011363636363636364	0.056818181818181816	0.056818181818181816	0.011363636363636364	0.011363636363636364	0.011363636363636364	0.011363636363636364	0.011363636363636364	0.011363636363636364	0.011363636363636364	0.14772727272727273	0.2840909090909091	0.056818181818181816	0.10227272727272728	0.011363636363636364	0.011363636363636364
