0	47	0.03571428571428571	0.03571428571428571	0.03571428571428571	0.03571428571428571	0.03571428571428571	0.03571428571428571	0.17857142857142858	0.03571428571428571	0.03571428571428571	0.03571428571428571	0.03571428571428571	0.03571428571428571	0.03571428571428571	0.03571428571428571	0.03571428571428571	0.03571428571428571	0.03571428571428571	0.03571428571428571	0.03571428571428571	0.17857142857142858
1	The	0.03571428571428571	0.03571428571428571	0.03571428571428571	0.03571428571428571	0.03571428571428571	0.03571428571428571	0.03571428571428571	0.03571428571428571	0.03571428571428571	0.03571428571428571	0.03571428571428571	0.17857142857142858	0.03571428571428571	0.03571428571428571	0.03571428571428571	0.03571428571428571	0.03571428571428571	0.03571428571428571	0.03571428571428571	0.17857142857142858
2	Jacob	0.03571428571428571	0.03571428571428571	0.03571428571428571	0.03571428571428571	0.03571428571428571	0.03571428571428571	0.03571428571428571	0.03571428571428571	0.03571428571428571	0.17857142857142858	0.03571428571428571	0.03571428571428571	0.17857142857142858	0.03571428571428571	0.03571428571428571	0.03571428571428571	0.03571428571428571	0.03571428571428571	0.03571428571428571	0.03571428571428571
3	Long	0.011363636363636364	0.056818181818181816	0.011363636363636364	0.23863636363636365	0.056818181818181816	0.011363636363636364	0.14772727272727273	0.011363636363636364	0.011363636363636364	0.14772727272727273	0.011363636363636364	0.011363636363636364	0.011363636363636364	0.056818181818181816	0.011363636363636364	0.011363636363636364	0.011363636363636364	0.14772727272727273	0.011363636363636364	0.011363636363636364
4		0.03571428571428571	0.03571428571428571	0.03571428571428571	0.03571428571428571	0.03571428571428571	0.03571428571428571	0.17857142857142858	0.03571428571428571	0.03571428571428571	0.03571428571428571	0.03571428571428571	0.03571428571428571	0.03571428571428571	0.03571428571428571	0.03571428571428571	0.17857142857142858	0.03571428571428571	0.03571428571428571	0.03571428571428571	0.03571428571428571
5	In	0.010416666666666666	0.010416666666666666	0.052083333333333336	0.010416666666666666	0.010416666666666666	0.010416666666666666	0.010416666666666666	0.010416666666666666	0.010416666666666666	0.010416666666666666	0.010416666666666666	0.13541666666666666	0.052083333333333336	0.052083333333333336	0.17708333333333334	0.010416666666666666	0.010416666666666666	0.21875	0.010416666666666666	0.17708333333333334
6		0.03571428571428571	0.03571428571428571	0.03571428571428571	0.03571428571428571	0.03571428571428571	0.03571428571428571	0.03571428571428571	0.03571428571428571	0.17857142857142858	0.03571428571428571	0.17857142857142858	0.03571428571428571	0.03571428571428571	0.03571428571428571	0.03571428571428571	0.03571428571428571	0.03571428571428571	0.03571428571428571	0.03571428571428571	0.03571428571428571
7	"Oh,"	0.013157894736842105	0.013157894736842105	0.013157894736842105	0.013157894736842105	0.2236842105263158	0.013157894736842105	0.013157894736842105	0.013157894736842105	0.013157894736842105	0.013157894736842105	0.013157894736842105	0.013157894736842105	0.013157894736842105	0.013157894736842105	0.32894736842105265	0.11842105263157894	0.06578947368421052	0.06578947368421052	0.013157894736842105	0.013157894736842105
8		0.03571428571428571	0.03571428571428571	0.17857142857142858	0.03571428571428571	0.03571428571428571	0.03571428571428571	0.03571428571428571	0.03571428571428571	0.03571428571428571	0.03571428571428571	0.03571428571428571	0.17857142857142858	0.03571428571428571	0.03571428571428571	0.03571428571428571	0.03571428571428571	0.03571428571428571	0.03571428571428571	0.03571428571428571	0.03571428571428571
9	Then	0.016233766233766232	0.003246753246753247	0.003246753246753247	0.003246753246753247	0.06818181818181818	0.04220779220779221	0.003246753246753247	0.003246753246753247	0.003246753246753247	0.003246753246753247	0.016233766233766232	0.003246753246753247	0.06818181818181818	0.06818181818181818	0.39285714285714285	0.003246753246753247	0.003246753246753247	0.06818181818181818	0.016233766233766232	0.21103896103896103
10		0.03571428571428571	0.03571428571428571	0.03571428571428571	0.03571428571428571	0.03571428571428571	0.03571428571428571	0.03571428571428571	0.03571428571428571	0.03571428571428571	0.17857142857142858	0.17857142857142858	0.03571428571428571	0.03571428571428571	0.03571428571428571	0.03571428571428571	0.03571428571428571	0.03571428571428571	0.03571428571428571	0.03571428571428571	0.03571428571428571
11	Her	0.06944444444444445	0.013888888888888888	0.06944444444444445	0.013888888888888888	0.125	0.18055555555555555	0.013888888888888888	0.013888888888888888	0.013888888888888888	0.013888888888888888	0.013888888888888888	0.013888888888888888	0.013888888888888888	0.06944444444444445	0.013888888888888888	0.013888888888888888	0.013888888888888888	0.013888888888888888	0.013888888888888888	0.2916666666666667
12		0.03571428571428571	0.03571428571428571	0.03571428571428571	0.03571428571428571	0.03571428571428571	0.03571428571428571	0.03571428571428571	0.03571428571428571	0.03571428571428571	0.03571428571428571	0.03571428571428571	0.03571428571428571	0.32142857142857145	0.03571428571428571	0.03571428571428571	0.03571428571428571	0.03571428571428571	0.03571428571428571	0.03571428571428571	0.03571428571428571
13	He	0.005555555555555556	0.005555555555555556	0.05	0.005555555555555556	0.07222222222222222	0.027777777777777776	0.027777777777777776	0.005555555555555556	0.005555555555555556	0.3611111111111111	0.005555555555555556	0.005555555555555556	0.005555555555555556	0.07222222222222222	0.29444444444444445	0.005555555555555556	0.005555555555555556	0.027777777777777776	0.005555555555555556	0.005555555555555556
14		0.03571428571428571	0.03571428571428571	0.03571428571428571	0.03571428571428571	0.03571428571428571	0.03571428571428571	0.03571428571428571	0.03571428571428571	0.03571428571428571	0.17857142857142858	0.03571428571428571	0.03571428571428571	0.03571428571428571	0.03571428571428571	0.03571428571428571	0.03571428571428571	0.03571428571428571	0.17857142857142858	0.03571428571428571	0.03571428571428571
15	One	0.020833333333333332	0.020833333333333332	0.10416666666666667	0.020833333333333332	0.020833333333333332	0.020833333333333332	0.020833333333333332	0.020833333333333332	0.020833333333333332	0.10416666666666667	0.10416666666666667	0.1875	0.10416666666666667	0.020833333333333332	0.020833333333333332	0.020833333333333332	0.020833333333333332	0.10416666666666667	0.020833333333333332	0.020833333333333332
16		0.03571428571428571	0.03571428571428571	0.03571428571428571	0.03571428571428571	0.03571428571428571	0.03571428571428571	0.03571428571428571	0.03571428571428571	0.17857142857142858	0.03571428571428571	0.03571428571428571	0.03571428571428571	0.03571428571428571	0.03571428571428571	0.17857142857142858	0.03571428571428571	0.03571428571428571	0.03571428571428571	0.03571428571428571	0.03571428571428571
17	"Yes,	0.013157894736842105	0.013157894736842105	0.013157894736842105	0.013157894736842105	0.06578947368421052	0.013157894736842105	0.11842105263157894	0.013157894736842105	0.013157894736842105	0.013157894736842105	0.013157894736842105	0.27631578947368424	0.013157894736842105	0.013157894736842105	0.17105263157894737	0.013157894736842105	0.013157894736842105	0.17105263157894737	0.013157894736842105	0.013157894736842105
18		0.03571428571428571	0.03571428571428571	0.03571428571428571	0.03571428571428571	0.03571428571428571	0.03571428571428571	0.17857142857142858	0.03571428571428571	0.03571428571428571	0.03571428571428571	0.03571428571428571	0.03571428571428571	0.03571428571428571	0.03571428571428571	0.03571428571428571	0.03571428571428571	0.17857142857142858	0.03571428571428571	0.03571428571428571	0.03571428571428571
19	"Mother,"	0.03571428571428571	0.03571428571428571	0.03571428571428571	0.03571428571428571	0.03571428571428571	0.17857142857142858	0.03571428571428571	0.03571428571428571	0.03571428571428571	0.17857142857142858	0.03571428571428571	0.03571428571428571	0.03571428571428571	0.03571428571428571	0.03571428571428571	0.03571428571428571	0.03571428571428571	0.03571428571428571	0.03571428571428571	0.03571428571428571
20		0.03571428571428571	0.03571428571428571	0.03571428571428571	0.03571428571428571	0.03571428571428571	0.03571428571428571	0.03571428571428571	0.03571428571428571	0.03571428571428571	0.03571428571428571	0.03571428571428571	0.03571428571428571	0.03571428571428571	0.17857142857142858	0.17857142857142858	0.03571428571428571	0.03571428571428571	0.03571428571428571	0.03571428571428571	0.03571428571428571
21	This	0.027777777777777776	0.027777777777777776	0.027777777777777776	0.027777777777777776	0.027777777777777776	0.027777777777777776	0.027777777777777776	0.027777777777777776	0.027777777777777776	0.25	0.027777777777777776	0.027777777777777776	0.027777777777777776	0.027777777777777776	0.1388888888888889	0.027777777777777776	0.027777777777777776	0.1388888888888889	0.027777777777777776	0.027777777777777776
22		0.17857142857142858	0.03571428571428571	0.03571428571428571	0.03571428571428571	0.03571428571428571	0.03571428571428571	0.17857142857142858	0.03571428571428571	0.03571428571428571	0.03571428571428571	0.03571428571428571	0.03571428571428571	0.03571428571428571	0.03571428571428571	0.03571428571428571	0.03571428571428571	0.03571428571428571	0.03571428571428571	0.03571428571428571	0.03571428571428571
23	When	0.020833333333333332	0.020833333333333332	0.020833333333333332	0.020833333333333332	0.020833333333333332	0.1875	0.020833333333333332	0.020833333333333332	0.020833333333333332	0.1875	0.020833333333333332	0.10416666666666667	0.020833333333333332	0.020833333333333332	0.020833333333333332	0.10416666666666667	0.020833333333333332	0.10416666666666667	0.020833333333333332	0.020833333333333332
24		0.03571428571428571	0.03571428571428571	0.03571428571428571	0.03571428571428571	0.03571428571428571	0.03571428571428571	0.03571428571428571	0.17857142857142858	0.03571428571428571	0.03571428571428571	0.03571428571428571	0.03571428571428571	0.17857142857142858	0.03571428571428571	0.03571428571428571	0.03571428571428571	0.03571428571428571	0.03571428571428571	0.03571428571428571	0.03571428571428571
25	She	0.014705882352941176	0.014705882352941176	0.1323529411764706	0.1323529411764706	0.014705882352941176	0.014705882352941176	0.014705882352941176	0.014705882352941176	0.014705882352941176	0.25	0.014705882352941176	0.19117647058823528	0.014705882352941176	0.014705882352941176	0.07352941176470588	0.014705882352941176	0.014705882352941176	0.014705882352941176	0.014705882352941176	0.014705882352941176
26		0.03571428571428571	0.03571428571428571	0.03571428571428571	0.03571428571428571	0.03571428571428571	0.17857142857142858	0.03571428571428571	0.03571428571428571	0.17857142857142858	0.03571428571428571	0.03571428571428571	0.03571428571428571	0.03571428571428571	0.03571428571428571	0.03571428571428571	0.03571428571428571	0.03571428571428571	0.03571428571428571	0.03571428571428571	0.03571428571428571
27	"Mother,"	0.027777777777777776	0.027777777777777776	0.027777777777777776	0.027777777777777776	0.027777777777777776	0.027777777777777776	0.027777777777777776	0.027777777777777776	0.027777777777777776	0.25	0.027777777777777776	0.1388888888888889	0.027777777777777776	0.027777777777777776	0.1388888888888889	0.027777777777777776	0.027777777777777776	0.027777777777777776	0.027777777777777776	0.027777777777777776
28		0.03571428571428571	0.03571428571428571	0.03571428571428571	0.03571428571428571	0.03571428571428571	0.17857142857142858	0.03571428571428571	0.03571428571428571	0.03571428571428571	0.03571428571428571	0.03571428571428571	0.03571428571428571	0.03571428571428571	0.17857142857142858	0.03571428571428571	0.03571428571428571	0.03571428571428571	0.03571428571428571	0.03571428571428571	0.03571428571428571
29	Then	0.011363636363636364	0.011363636363636364	0.011363636363636364	0.011363636363636364	0.10227272727272728	0.011363636363636364	0.011363636363636364	0.011363636363636364	0.011363636363636364	0.2840909090909091	0.011363636363636364	0.2840909090909091	0.011363636363636364	0.056818181818181816	0.011363636363636364	0.011363636363636364	0.10227272727272728	0.011363636363636364	0.011363636363636364	0.011363636363636364
30		0.03571428571428571	0.03571428571428571	0.03571428571428571	0.03571428571428571	0.03571428571428571	0.03571428571428571	0.03571428571428571	0.03571428571428571	0.17857142857142858	0.03571428571428571	0.03571428571428571	0.03571428571428571	0.17857142857142858	0.03571428571428571	0.03571428571428571	0.03571428571428571	0.03571428571428571	0.03571428571428571	0.03571428571428571	0.03571428571428571
31	Then	0.19444444444444445	0.009259259259259259	0.009259259259259259	0.009259259259259259	0.009259259259259259	0.009259259259259259	0.009259259259259259	0.009259259259259259	0.009259259259259259	0.009259259259259259	0.009259259259259259	0.23148148148148148	0.046296296296296294	0.08333333333333333	0.19444444444444445	0.009259259259259259	0.009259259259259259	0.009259259259259259	0.12037037037037036	0.009259259259259259
32		0.03571428571428571	0.03571428571428571	0.03571428571428571	0.03571428571428571	0.03571428571428571	0.03571428571428571	0.03571428571428571	0.03571428571428571	0.03571428571428571	0.17857142857142858	0.03571428571428571	0.03571428571428571	0.03571428571428571	0.03571428571428571	0.03571428571428571	0.17857142857142858	0.03571428571428571	0.03571428571428571	0.03571428571428571	0.03571428571428571
33	After	0.08928571428571429	0.017857142857142856	0.08928571428571429	0.017857142857142856	0.017857142857142856	0.08928571428571429	0.017857142857142856	0.017857142857142856	0.30357142857142855	0.017857142857142856	0.017857142857142856	0.017857142857142856	0.017857142857142856	0.017857142857142856	0.017857142857142856	0.017857142857142856	0.017857142857142856	0.16071428571428573	0.017857142857142856	0.017857142857142856
34		0.03571428571428571	0.03571428571428571	0.03571428571428571	0.03571428571428571	0.17857142857142858	0.03571428571428571	0.03571428571428571	0.03571428571428571	0.03571428571428571	0.03571428571428571	0.03571428571428571	0.03571428571428571	0.03571428571428571	0.03571428571428571	0.03571428571428571	0.03571428571428571	0.17857142857142858	0.03571428571428571	0.03571428571428571	0.03571428571428571
35	"Mother,"	0.013888888888888888	0.013888888888888888	0.013888888888888888	0.013888888888888888	0.013888888888888888	0.06944444444444445	0.013888888888888888	0.013888888888888888	0.125	0.013888888888888888	0.06944444444444445	0.18055555555555555	0.06944444444444445	0.013888888888888888	0.18055555555555555	0.013888888888888888	0.06944444444444445	0.013888888888888888	0.06944444444444445	0.013888888888888888
36		0.03571428571428571	0.17857142857142858	0.03571428571428571	0.03571428571428571	0.03571428571428571	0.03571428571428571	0.03571428571428571	0.03571428571428571	0.03571428571428571	0.03571428571428571	0.03571428571428571	0.03571428571428571	0.03571428571428571	0.03571428571428571	0.17857142857142858	0.03571428571428571	0.03571428571428571	0.03571428571428571	0.03571428571428571	0.03571428571428571
37	"Go	0.027777777777777776	0.027777777777777776	0.1388888888888889	0.1388888888888889	0.027777777777777776	0.027777777777777776	0.027777777777777776	0.027777777777777776	0.027777777777777776	0.027777777777777776	0.1388888888888889	0.027777777777777776	0.027777777777777776	0.027777777777777776	0.027777777777777776	0.027777777777777776	0.1388888888888889	0.027777777777777776	0.027777777777777776	0.027777777777777776
38		0.03571428571428571	0.17857142857142858	0.03571428571428571	0.03571428571428571	0.17857142857142858	0.03571428571428571	0.03571428571428571	0.03571428571428571	0.03571428571428571	0.03571428571428571	0.03571428571428571	0.03571428571428571	0.03571428571428571	0.03571428571428571	0.03571428571428571	0.03571428571428571	0.03571428571428571	0.03571428571428571	0.03571428571428571	0.03571428571428571
39	So	0.009259259259259259	0.009259259259259259	0.26851851851851855	0.009259259259259259	0.009259259259259259	0.23148148148148148	0.009259259259259259	0.009259259259259259	0.009259259259259259	0.009259259259259259	0.009259259259259259	0.23148148148148148	0.009259259259259259	0.046296296296296294	0.009259259259259259	0.009259259259259259	0.009259259259259259	0.046296296296296294	0.046296296296296294	0.009259259259259259
40		0.03571428571428571	0.03571428571428571	0.03571428571428571	0.03571428571428571	0.03571428571428571	0.03571428571428571	0.17857142857142858	0.03571428571428571	0.03571428571428571	0.03571428571428571	0.03571428571428571	0.03571428571428571	0.03571428571428571	0.03571428571428571	0.03571428571428571	0.03571428571428571	0.03571428571428571	0.03571428571428571	0.17857142857142858	0.03571428571428571
41	"Marlene,"	0.022727272727272728	0.022727272727272728	0.38636363636363635	0.11363636363636363	0.022727272727272728	0.022727272727272728	0.022727272727272728	0.022727272727272728	0.11363636363636363	0.022727272727272728	0.022727272727272728	0.022727272727272728	0.022727272727272728	0.022727272727272728	0.022727272727272728	0.022727272727272728	0.022727272727272728	0.022727272727272728	0.022727272727272728	0.022727272727272728
42		0.03571428571428571	0.03571428571428571	0.03571428571428571	0.03571428571428571	0.17857142857142858	0.03571428571428571	0.03571428571428571	0.03571428571428571	0.03571428571428571	0.03571428571428571	0.03571428571428571	0.03571428571428571	0.17857142857142858	0.03571428571428571	0.03571428571428571	0.03571428571428571	0.03571428571428571	0.03571428571428571	0.03571428571428571	0.03571428571428571
43	Then	0.05952380952380952	0.011904761904761904	0.20238095238095238	0.011904761904761904	0.011904761904761904	0.011904761904761904	0.011904761904761904	0.011904761904761904	0.10714285714285714	0.10714285714285714	0.011904761904761904	0.05952380952380952	0.25	0.011904761904761904	0.011904761904761904	0.011904761904761904	0.011904761904761904	0.05952380952380952	0.011904761904761904	0.011904761904761904
44		0.03571428571428571	0.17857142857142858	0.03571428571428571	0.03571428571428571	0.03571428571428571	0.03571428571428571	0.03571428571428571	0.03571428571428571	0.03571428571428571	0.03571428571428571	0.03571428571428571	0.17857142857142858	0.03571428571428571	0.03571428571428571	0.03571428571428571	0.03571428571428571	0.03571428571428571	0.03571428571428571	0.03571428571428571	0.03571428571428571
45	Then	0.013157894736842105	0.013157894736842105	0.27631578947368424	0.013157894736842105	0.013157894736842105	0.11842105263157894	0.013157894736842105	0.013157894736842105	0.11842105263157894	0.11842105263157894	0.013157894736842105	0.013157894736842105	0.013157894736842105	0.013157894736842105	0.17105263157894737	0.013157894736842105	0.013157894736842105	0.013157894736842105	0.013157894736842105	0.013157894736842105
46		0.03571428571428571	0.03571428571428571	0.03571428571428571	0.03571428571428571	0.03571428571428571	0.17857142857142858	0.03571428571428571	0.03571428571428571	0.03571428571428571	0.03571428571428571	0.03571428571428571	0.03571428571428571	0.03571428571428571	0.03571428571428571	0.03571428571428571	0.03571428571428571	0.03571428571428571	0.03571428571428571	0.03571428571428571	0.17857142857142858
47	Then	0.03571428571428571	0.03571428571428571	0.03571428571428571	0.03571428571428571	0.03571428571428571	0.03571428571428571	0.03571428571428571	0.03571428571428571	0.03571428571428571	0.17857142857142858	0.03571428571428571	0.03571428571428571	0.17857142857142858	0.03571428571428571	0.03571428571428571	0.03571428571428571	0.03571428571428571	0.03571428571428571	0.03571428571428571	0.03571428571428571
48		0.03571428571428571	0.03571428571428571	0.03571428571428571	0.03571428571428571	0.03571428571428571	0.03571428571428571	0.03571428571428571	0.03571428571428571	0.03571428571428571	0.03571428571428571	0.17857142857142858	0.17857142857142858	0.03571428571428571	0.03571428571428571	0.03571428571428571	0.03571428571428571	0.03571428571428571	0.03571428571428571	0.03571428571428571	0.03571428571428571
49	"Oh,"	0.020833333333333332	0.020833333333333332	0.2708333333333333	0.020833333333333332	0.020833333333333332	0.10416666666666667	0.020833333333333332	0.020833333333333332	0.020833333333333332	0.1875	0.10416666666666667	0.020833333333333332	0.020833333333333332	0.020833333333333332	0.020833333333333332	0.020833333333333332	0.020833333333333332	0.020833333333333332	0.020833333333333332	0.020833333333333332
50		0.03571428571428571	0.03571428571428571	0.03571428571428571	0.03571428571428571	0.03571428571428571	0.17857142857142858	0.03571428571428571	0.03571428571428571	0.03571428571428571	0.03571428571428571	0.03571428571428571	0.03571428571428571	0.03571428571428571	0.17857142857142858	0.03571428571428571	0.03571428571428571	0.03571428571428571	0.03571428571428571	0.03571428571428571	0.03571428571428571
51	"What	0.03571428571428571	0.03571428571428571	0.03571428571428571	0.03571428571428571	0.03571428571428571	0.03571428571428571	0.03571428571428571	0.03571428571428571	0.03571428571428571	0.03571428571428571	0.03571428571428571	0.17857142857142858	0.17857142857142858	0.03571428571428571	0.03571428571428571	0.03571428571428571	0.03571428571428571	0.03571428571428571	0.03571428571428571	0.03571428571428571
52		0.03571428571428571	0.03571428571428571	0.03571428571428571	0.03571428571428571	0.03571428571428571	0.03571428571428571	0.17857142857142858	0.03571428571428571	0.03571428571428571	0.03571428571428571	0.03571428571428571	0.03571428571428571	0.03571428571428571	0.03571428571428571	0.03571428571428571	0.03571428571428571	0.03571428571428571	0.17857142857142858	0.03571428571428571	0.03571428571428571
53	"Oh,	0.025	0.025	0.025	0.025	0.025	0.025	0.025	0.025	0.125	0.025	0.325	0.025	0.025	0.025	0.025	0.025	0.025	0.025	0.125	0.025
54		0.03571428571428571	0.03571428571428571	0.03571428571428571	0.03571428571428571	0.03571428571428571	0.03571428571428571	0.03571428571428571	0.03571428571428571	0.03571428571428571	0.03571428571428571	0.03571428571428571	0.03571428571428571	0.32142857142857145	0.03571428571428571	0.03571428571428571	0.03571428571428571	0.03571428571428571	0.03571428571428571	0.03571428571428571	0.03571428571428571
55	"Oh,"	0.016666666666666666	0.016666666666666666	0.21666666666666667	0.016666666666666666	0.016666666666666666	0.15	0.08333333333333333	0.016666666666666666	0.016666666666666666	0.016666666666666666	0.15	0.016666666666666666	0.08333333333333333	0.016666666666666666	0.016666666666666666	0.08333333333333333	0.016666666666666666	0.016666666666666666	0.016666666666666666	0.016666666666666666
56		0.03571428571428571	0.03571428571428571	0.03571428571428571	0.03571428571428571	0.03571428571428571	0.03571428571428571	0.03571428571428571	0.17857142857142858	0.03571428571428571	0.03571428571428571	0.03571428571428571	0.17857142857142858	0.03571428571428571	0.03571428571428571	0.03571428571428571	0.03571428571428571	0.03571428571428571	0.03571428571428571	0.03571428571428571	0.03571428571428571
57	Then	0.013157894736842105	0.013157894736842105	0.06578947368421052	0.013157894736842105	0.013157894736842105	0.013157894736842105	0.013157894736842105	0.013157894736842105	0.013157894736842105	0.06578947368421052	0.3815789473684211	0.013157894736842105	0.013157894736842105	0.27631578947368424	0.013157894736842105	0.013157894736842105	0.013157894736842105	0.013157894736842105	0.013157894736842105	0.013157894736842105
58		0.03571428571428571	0.03571428571428571	0.03571428571428571	0.03571428571428571	0.03571428571428571	0.03571428571428571	0.03571428571428571	0.03571428571428571	0.03571428571428571	0.03571428571428571	0.03571428571428571	0.03571428571428571	0.17857142857142858	0.17857142857142858	0.03571428571428571	0.03571428571428571	0.03571428571428571	0.03571428571428571	0.03571428571428571	0.03571428571428571
59	Marlene	0.22826086956521738	0.010869565217391304	0.09782608695652174	0.010869565217391304	0.010869565217391304	0.010869565217391304	0.010869565217391304	0.010869565217391304	0.09782608695652174	0.010869565217391304	0.05434782608695652	0.31521739130434784	0.010869565217391304	0.010869565217391304	0.010869565217391304	0.010869565217391304	0.010869565217391304	0.010869565217391304	0.010869565217391304	0.05434782608695652
60		0.03571428571428571	0.03571428571428571	0.03571428571428571	0.03571428571428571	0.03571428571428571	0.17857142857142858	0.03571428571428571	0.03571428571428571	0.03571428571428571	0.03571428571428571	0.17857142857142858	0.03571428571428571	0.03571428571428571	0.03571428571428571	0.03571428571428571	0.03571428571428571	0.03571428571428571	0.03571428571428571	0.03571428571428571	0.03571428571428571
61	She	0.08333333333333333	0.15	0.016666666666666666	0.016666666666666666	0.016666666666666666	0.016666666666666666	0.08333333333333333	0.016666666666666666	0.016666666666666666	0.016666666666666666	0.016666666666666666	0.016666666666666666	0.016666666666666666	0.016666666666666666	0.08333333333333333	0.016666666666666666	0.08333333333333333	0.016666666666666666	0.016666666666666666	0.2833333333333333
62		0.03571428571428571	0.03571428571428571	0.03571428571428571	0.03571428571428571	0.03571428571428571	0.03571428571428571	0.17857142857142858	0.03571428571428571	0.03571428571428571	0.03571428571428571	0.03571428571428571	0.03571428571428571	0.03571428571428571	0.03571428571428571	0.03571428571428571	0.03571428571428571	0.17857142857142858	0.03571428571428571	0.03571428571428571	0.03571428571428571
63	Then	0.005319148936170213	0.047872340425531915	0.13297872340425532	0.026595744680851064	0.09042553191489362	0.15425531914893617	0.047872340425531915	0.005319148936170213	0.026595744680851064	0.005319148936170213	0.005319148936170213	0.005319148936170213	0.026595744680851064	0.026595744680851064	0.005319148936170213	0.047872340425531915	0.09042553191489362	0.047872340425531915	0.005319148936170213	0.19680851063829788
64		0.03571428571428571	0.03571428571428571	0.03571428571428571	0.03571428571428571	0.03571428571428571	0.03571428571428571	0.03571428571428571	0.03571428571428571	0.03571428571428571	0.03571428571428571	0.03571428571428571	0.03571428571428571	0.03571428571428571	0.03571428571428571	0.32142857142857145	0.03571428571428571	0.03571428571428571	0.03571428571428571	0.03571428571428571	0.03571428571428571
65	Then	0.020833333333333332	0.020833333333333332	0.10416666666666667	0.020833333333333332	0.10416666666666667	0.020833333333333332	0.020833333333333332	0.020833333333333332	0.020833333333333332	0.020833333333333332	0.020833333333333332	0.020833333333333332	0.020833333333333332	0.020833333333333332	0.020833333333333332	0.020833333333333332	0.10416666666666667	0.020833333333333332	0.3541666666666667	0.020833333333333332
66		0.03571428571428571	0.03571428571428571	0.03571428571428571	0.03571428571428571	0.03571428571428571	0.03571428571428571	0.03571428571428571	0.03571428571428571	0.03571428571428571	0.03571428571428571	0.03571428571428571	0.03571428571428571	0.17857142857142858	0.03571428571428571	0.03571428571428571	0.03571428571428571	0.17857142857142858	0.03571428571428571	0.03571428571428571	0.03571428571428571
67	My	0.03571428571428571	0.03571428571428571	0.03571428571428571	0.17857142857142858	0.03571428571428571	0.03571428571428571	0.03571428571428571	0.03571428571428571	0.03571428571428571	0.03571428571428571	0.03571428571428571	0.03571428571428571	0.03571428571428571	0.03571428571428571	0.17857142857142858	0.03571428571428571	0.03571428571428571	0.03571428571428571	0.03571428571428571	0.03571428571428571
68	My	0.03571428571428571	0.03571428571428571	0.03571428571428571	0.03571428571428571	0.03571428571428571	0.03571428571428571	0.03571428571428571	0.03571428571428571	0.17857142857142858	0.03571428571428571	0.03571428571428571	0.03571428571428571	0.03571428571428571	0.17857142857142858	0.03571428571428571	0.03571428571428571	0.03571428571428571	0.03571428571428571	0.03571428571428571	0.03571428571428571
69	My	0.03571428571428571	0.03571428571428571	0.17857142857142858	0.03571428571428571	0.17857142857142858	0.03571428571428571	0.03571428571428571	0.03571428571428571	0.03571428571428571	0.03571428571428571	0.03571428571428571	0.03571428571428571	0.03571428571428571	0.03571428571428571	0.03571428571428571	0.03571428571428571	0.03571428571428571	0.03571428571428571	0.03571428571428571	0.03571428571428571
70	Gathered	0.03571428571428571	0.03571428571428571	0.03571428571428571	0.03571428571428571	0.03571428571428571	0.17857142857142858	0.03571428571428571	0.03571428571428571	0.03571428571428571	0.03571428571428571	0.17857142857142858	0.03571428571428571	0.03571428571428571	0.03571428571428571	0.03571428571428571	0.03571428571428571	0.03571428571428571	0.03571428571428571	0.03571428571428571	0.03571428571428571
71	Tied	0.32142857142857145	0.03571428571428571	0.03571428571428571	0.03571428571428571	0.03571428571428571	0.03571428571428571	0.03571428571428571	0.03571428571428571	0.03571428571428571	0.03571428571428571	0.03571428571428571	0.03571428571428571	0.03571428571428571	0.03571428571428571	0.03571428571428571	0.03571428571428571	0.03571428571428571	0.03571428571428571	0.03571428571428571	0.03571428571428571
72	Laid	0.03125	0.03125	0.03125	0.03125	0.03125	0.03125	0.03125	0.03125	0.03125	0.03125	0.03125	0.03125	0.03125	0.03125	0.03125	0.03125	0.03125	0.03125	0.03125	0.40625
73	Tweet,	0.03571428571428571	0.03571428571428571	0.03571428571428571	0.03571428571428571	0.03571428571428571	0.03571428571428571	0.32142857142857145	0.03571428571428571	0.03571428571428571	0.03571428571428571	0.03571428571428571	0.03571428571428571	0.03571428571428571	0.03571428571428571	0.03571428571428571	0.03571428571428571	0.03571428571428571	0.03571428571428571	0.03571428571428571	0.03571428571428571
74	The	0.006944444444444444	0.006944444444444444	0.006944444444444444	0.006944444444444444	0.006944444444444444	0.034722222222222224	0.3402777777777778	0.006944444444444444	0.3125	0.006944444444444444	0.006944444444444444	0.006944444444444444	0.2013888888888889	0.006944444444444444	0.006944444444444444	0.006944444444444444	0.006944444444444444	0.006944444444444444	0.006944444444444444	0.006944444444444444
75		0.17857142857142858	0.03571428571428571	0.03571428571428571	0.03571428571428571	0.03571428571428571	0.03571428571428571	0.03571428571428571	0.03571428571428571	0.03571428571428571	0.03571428571428571	0.03571428571428571	0.03571428571428571	0.03571428571428571	0.03571428571428571	0.03571428571428571	0.03571428571428571	0.17857142857142858	0.03571428571428571	0.03571428571428571	0.03571428571428571
76	He	0.019230769230769232	0.019230769230769232	0.019230769230769232	0.019230769230769232	0.019230769230769232	0.019230769230769232	0.019230769230769232	0.019230769230769232	0.019230769230769232	0.019230769230769232	0.019230769230769232	0.019230769230769232	0.09615384615384616	0.019230769230769232	0.019230769230769232	0.019230769230769232	0.019230769230769232	0.019230769230769232	0.5576923076923077	0.019230769230769232
77		0.03571428571428571	0.03571428571428571	0.03571428571428571	0.03571428571428571	0.03571428571428571	0.03571428571428571	0.17857142857142858	0.03571428571428571	0.03571428571428571	0.03571428571428571	0.03571428571428571	0.03571428571428571	0.03571428571428571	0.17857142857142858	0.03571428571428571	0.03571428571428571	0.03571428571428571	0.03571428571428571	0.03571428571428571	0.03571428571428571
78	"No,"	0.022727272727272728	0.022727272727272728	0.022727272727272728	0.022727272727272728	0.022727272727272728	0.022727272727272728	0.29545454545454547	0.022727272727272728	0.022727272727272728	0.022727272727272728	0.022727272727272728	0.022727272727272728	0.022727272727272728	0.022727272727272728	0.022727272727272728	0.022727272727272728	0.022727272727272728	0.022727272727272728	0.29545454545454547	0.022727272727272728
79		0.03571428571428571	0.03571428571428571	0.03571428571428571	0.03571428571428571	0.03571428571428571	0.03571428571428571	0.17857142857142858	0.03571428571428571	0.03571428571428571	0.03571428571428571	0.03571428571428571	0.17857142857142858	0.03571428571428571	0.03571428571428571	0.03571428571428571	0.03571428571428571	0.03571428571428571	0.03571428571428571	0.03571428571428571	0.03571428571428571
80	The	0.014705882352941176	0.014705882352941176	0.014705882352941176	0.014705882352941176	0.014705882352941176	0.1323529411764706	0.4264705882352941	0.014705882352941176	0.014705882352941176	0.014705882352941176	0.014705882352941176	0.014705882352941176	0.014705882352941176	0.014705882352941176	0.014705882352941176	0.014705882352941176	0.014705882352941176	0.014705882352941176	0.19117647058823528	0.014705882352941176
81		0.03571428571428571	0.03571428571428571	0.17857142857142858	0.03571428571428571	0.03571428571428571	0.03571428571428571	0.03571428571428571	0.03571428571428571	0.03571428571428571	0.03571428571428571	0.03571428571428571	0.03571428571428571	0.03571428571428571	0.03571428571428571	0.03571428571428571	0.03571428571428571	0.03571428571428571	0.17857142857142858	0.03571428571428571	0.03571428571428571
82	My	0.03571428571428571	0.03571428571428571	0.03571428571428571	0.17857142857142858	0.03571428571428571	0.03571428571428571	0.03571428571428571	0.03571428571428571	0.03571428571428571	0.17857142857142858	0.03571428571428571	0.03571428571428571	0.03571428571428571	0.03571428571428571	0.03571428571428571	0.03571428571428571	0.03571428571428571	0.03571428571428571	0.03571428571428571	0.03571428571428571
83	My	0.03571428571428571	0.03571428571428571	0.03571428571428571	0.03571428571428571	0.17857142857142858	0.03571428571428571	0.03571428571428571	0.03571428571428571	0.03571428571428571	0.03571428571428571	0.03571428571428571	0.03571428571428571	0.03571428571428571	0.17857142857142858	0.03571428571428571	0.03571428571428571	0.03571428571428571	0.03571428571428571	0.03571428571428571	0.03571428571428571
84	My	0.03571428571428571	0.03571428571428571	0.03571428571428571	0.03571428571428571	0.03571428571428571	0.03571428571428571	0.03571428571428571	0.03571428571428571	0.17857142857142858	0.03571428571428571	0.03571428571428571	0.03571428571428571	0.03571428571428571	0.03571428571428571	0.03571428571428571	0.03571428571428571	0.03571428571428571	0.03571428571428571	0.17857142857142858	0.03571428571428571
85	Gathered	0.03571428571428571	0.03571428571428571	0.03571428571428571	0.03571428571428571	0.17857142857142858	0.03571428571428571	0.03571428571428571	0.03571428571428571	0.03571428571428571	0.03571428571428571	0.17857142857142858	0.03571428571428571	0.03571428571428571	0.03571428571428571	0.03571428571428571	0.03571428571428571	0.03571428571428571	0.03571428571428571	0.03571428571428571	0.03571428571428571
86	Tied	0.32142857142857145	0.03571428571428571	0.03571428571428571	0.03571428571428571	0.03571428571428571	0.03571428571428571	0.03571428571428571	0.03571428571428571	0.03571428571428571	0.03571428571428571	0.03571428571428571	0.03571428571428571	0.03571428571428571	0.03571428571428571	0.03571428571428571	0.03571428571428571	0.03571428571428571	0.03571428571428571	0.03571428571428571	0.03571428571428571
87	Laid	0.03125	0.03125	0.03125	0.03125	0.03125	0.03125	0.03125	0.03125	0.03125	0.03125	0.03125	0.03125	0.03125	0.03125	0.03125	0.03125	0.03125	0.03125	0.03125	0.40625
88	Tweet,	0.03571428571428571	0.03571428571428571	0.03571428571428571	0.03571428571428571	0.03571428571428571	0.03571428571428571	0.32142857142857145	0.03571428571428571	0.03571428571428571	0.03571428571428571	0.03571428571428571	0.03571428571428571	0.03571428571428571	0.03571428571428571	0.03571428571428571	0.03571428571428571	0.03571428571428571	0.03571428571428571	0.03571428571428571	0.03571428571428571
89	Then	0.022727272727272728	0.022727272727272728	0.022727272727272728	0.022727272727272728	0.022727272727272728	0.022727272727272728	0.022727272727272728	0.022727272727272728	0.022727272727272728	0.022727272727272728	0.022727272727272728	0.022727272727272728	0.022727272727272728	0.022727272727272728	0.022727272727272728	0.022727272727272728	0.11363636363636363	0.022727272727272728	0.4772727272727273	0.022727272727272728
90		0.03571428571428571	0.03571428571428571	0.17857142857142858	0.03571428571428571	0.03571428571428571	0.03571428571428571	0.03571428571428571	0.03571428571428571	0.17857142857142858	0.03571428571428571	0.03571428571428571	0.03571428571428571	0.03571428571428571	0.03571428571428571	0.03571428571428571	0.03571428571428571	0.03571428571428571	0.03571428571428571	0.03571428571428571	0.03571428571428571
91	My	0.03571428571428571	0.03571428571428571	0.03571428571428571	0.17857142857142858	0.03571428571428571	0.03571428571428571	0.03571428571428571	0.17857142857142858	0.03571428571428571	0.03571428571428571	0.03571428571428571	0.03571428571428571	0.03571428571428571	0.03571428571428571	0.03571428571428571	0.03571428571428571	0.03571428571428571	0.03571428571428571	0.03571428571428571	0.03571428571428571
92	My	0.03571428571428571	0.03571428571428571	0.03571428571428571	0.03571428571428571	0.03571428571428571	0.03571428571428571	0.03571428571428571	0.03571428571428571	0.03571428571428571	0.03571428571428571	0.03571428571428571	0.03571428571428571	0.03571428571428571	0.17857142857142858	0.17857142857142858	0.03571428571428571	0.03571428571428571	0.03571428571428571	0.03571428571428571	0.03571428571428571
93	My	0.03571428571428571	0.03571428571428571	0.17857142857142858	0.03571428571428571	0.03571428571428571	0.03571428571428571	0.03571428571428571	0.03571428571428571	0.17857142857142858	0.03571428571428571	0.03571428571428571	0.03571428571428571	0.03571428571428571	0.03571428571428571	0.03571428571428571	0.03571428571428571	0.03571428571428571	0.03571428571428571	0.03571428571428571	0.03571428571428571
94	Gathered	0.03571428571428571	0.03571428571428571	0.03571428571428571	0.03571428571428571	0.17857142857142858	0.03571428571428571	0.03571428571428571	0.03571428571428571	0.03571428571428571	0.03571428571428571	0.03571428571428571	0.03571428571428571	0.03571428571428571	0.03571428571428571	0.03571428571428571	0.03571428571428571	0.17857142857142858	0.03571428571428571	0.03571428571428571	0.03571428571428571
95	Tied	0.32142857142857145	0.03571428571428571	0.03571428571428571	0.03571428571428571	0.03571428571428571	0.03571428571428571	0.03571428571428571	0.03571428571428571	0.03571428571428571	0.03571428571428571	0.03571428571428571	0.03571428571428571	0.03571428571428571	0.03571428571428571	0.03571428571428571	0.03571428571428571	0.03571428571428571	0.03571428571428571	0.03571428571428571	0.03571428571428571
96	Laid	0.03125	0.03125	0.03125	0.03125	0.03125	0.03125	0.03125	0.03125	0.03125	0.03125	0.03125	0.03125	0.03125	0.03125	0.03125	0.03125	0.03125	0.03125	0.03125	0.40625
97	Tweet,	0.03571428571428571	0.03571428571428571	0.03571428571428571	0.03571428571428571	0.03571428571428571	0.03571428571428571	0.17857142857142858	0.03571428571428571	0.03571428571428571	0.03571428571428571	0.03571428571428571	0.03571428571428571	0.03571428571428571	0.03571428571428571	0.03571428571428571	0.03571428571428571	0.03571428571428571	0.03571428571428571	0.17857142857142858	0.03571428571428571
98	Hearing	0.0125	0.0125	0.0625	0.0125	0.0125	0.0125	0.0125	0.0125	0.2125	0.0125	0.0125	0.0125	0.0125	0.0125	0.1125	0.0125	0.0125	0.0125	0.4125	0.0125
99		0.03571428571428571	0.03571428571428571	0.03571428571428571	0.17857142857142858	0.03571428571428571	0.03571428571428571	0.03571428571428571	0.03571428571428571	0.03571428571428571	0.03571428571428571	0.03571428571428571	0.03571428571428571	0.03571428571428571	0.03571428571428571	0.03571428571428571	0.03571428571428571	0.03571428571428571	0.03571428571428571	0.17857142857142858	0.03571428571428571
100	Then	0.0078125	0.0078125	0.0078125	0.1640625	0.2578125	0.0078125	0.1015625	0.0078125	0.0078125	0.0078125	0.0390625	0.0703125	0.0078125	0.0078125	0.0703125	0.0703125	0.0078125	0.0078125	0.1328125	0.0078125
101		0.03571428571428571	0.03571428571428571	0.03571428571428571	0.03571428571428571	0.17857142857142858	0.03571428571428571	0.03571428571428571	0.03571428571428571	0.03571428571428571	0.03571428571428571	0.03571428571428571	0.17857142857142858	0.03571428571428571	0.03571428571428571	0.03571428571428571	0.03571428571428571	0.03571428571428571	0.03571428571428571	0.03571428571428571	0.03571428571428571
102	"Bird,"	0.03125	0.03125	0.03125	0.03125	0.03125	0.03125	0.15625	0.03125	0.03125	0.03125	0.03125	0.03125	0.03125	0.03125	0.03125	0.03125	0.03125	0.03125	0.28125	0.03125
103		0.03571428571428571	0.03571428571428571	0.03571428571428571	0.03571428571428571	0.03571428571428571	0.03571428571428571	0.17857142857142858	0.03571428571428571	0.03571428571428571	0.17857142857142858	0.03571428571428571	0.03571428571428571	0.03571428571428571	0.03571428571428571	0.03571428571428571	0.03571428571428571	0.03571428571428571	0.03571428571428571	0.03571428571428571	0.03571428571428571
104	"No,"	0.03125	0.03125	0.03125	0.03125	0.03125	0.03125	0.03125	0.03125	0.03125	0.03125	0.03125	0.03125	0.03125	0.03125	0.03125	0.03125	0.03125	0.03125	0.40625	0.03125
105		0.03571428571428571	0.03571428571428571	0.03571428571428571	0.03571428571428571	0.03571428571428571	0.17857142857142858	0.03571428571428571	0.03571428571428571	0.03571428571428571	0.03571428571428571	0.03571428571428571	0.03571428571428571	0.03571428571428571	0.03571428571428571	0.03571428571428571	0.03571428571428571	0.03571428571428571	0.17857142857142858	0.03571428571428571	0.03571428571428571
106	"Wife,"	0.078125	0.015625	0.015625	0.015625	0.265625	0.015625	0.078125	0.015625	0.015625	0.078125	0.015625	0.078125	0.078125	0.015625	0.015625	0.015625	0.140625	0.015625	0.015625	0.015625
107		0.03571428571428571	0.03571428571428571	0.03571428571428571	0.03571428571428571	0.03571428571428571	0.03571428571428571	0.03571428571428571	0.03571428571428571	0.03571428571428571	0.03571428571428571	0.03571428571428571	0.03571428571428571	0.32142857142857145	0.03571428571428571	0.03571428571428571	0.03571428571428571	0.03571428571428571	0.03571428571428571	0.03571428571428571	0.03571428571428571
108	"There,	0.015625	0.015625	0.015625	0.015625	0.015625	0.015625	0.015625	0.015625	0.015625	0.015625	0.140625	0.078125	0.015625	0.015625	0.015625	0.015625	0.265625	0.015625	0.265625	0.015625
109		0.03571428571428571	0.03571428571428571	0.03571428571428571	0.03571428571428571	0.03571428571428571	0.17857142857142858	0.03571428571428571	0.17857142857142858	0.03571428571428571	0.03571428571428571	0.03571428571428571	0.03571428571428571	0.03571428571428571	0.03571428571428571	0.03571428571428571	0.03571428571428571	0.03571428571428571	0.03571428571428571	0.03571428571428571	0.03571428571428571
110	My	0.03571428571428571	0.03571428571428571	0.03571428571428571	0.17857142857142858	0.03571428571428571	0.17857142857142858	0.03571428571428571	0.03571428571428571	0.03571428571428571	0.03571428571428571	0.03571428571428571	0.03571428571428571	0.03571428571428571	0.03571428571428571	0.03571428571428571	0.03571428571428571	0.03571428571428571	0.03571428571428571	0.03571428571428571	0.03571428571428571
111	My	0.03571428571428571	0.03571428571428571	0.03571428571428571	0.03571428571428571	0.03571428571428571	0.03571428571428571	0.17857142857142858	0.03571428571428571	0.03571428571428571	0.03571428571428571	0.03571428571428571	0.03571428571428571	0.03571428571428571	0.17857142857142858	0.03571428571428571	0.03571428571428571	0.03571428571428571	0.03571428571428571	0.03571428571428571	0.03571428571428571
112	My	0.03571428571428571	0.03571428571428571	0.17857142857142858	0.03571428571428571	0.03571428571428571	0.03571428571428571	0.03571428571428571	0.17857142857142858	0.03571428571428571	0.03571428571428571	0.03571428571428571	0.03571428571428571	0.03571428571428571	0.03571428571428571	0.03571428571428571	0.03571428571428571	0.03571428571428571	0.03571428571428571	0.03571428571428571	0.03571428571428571
113	Gathered	0.03571428571428571	0.03571428571428571	0.03571428571428571	0.03571428571428571	0.03571428571428571	0.03571428571428571	0.03571428571428571	0.03571428571428571	0.17857142857142858	0.03571428571428571	0.17857142857142858	0.03571428571428571	0.03571428571428571	0.03571428571428571	0.03571428571428571	0.03571428571428571	0.03571428571428571	0.03571428571428571	0.03571428571428571	0.03571428571428571
114	Tied	0.32142857142857145	0.03571428571428571	0.03571428571428571	0.03571428571428571	0.03571428571428571	0.03571428571428571	0.03571428571428571	0.03571428571428571	0.03571428571428571	0.03571428571428571	0.03571428571428571	0.03571428571428571	0.03571428571428571	0.03571428571428571	0.03571428571428571	0.03571428571428571	0.03571428571428571	0.03571428571428571	0.03571428571428571	0.03571428571428571
115	Laid	0.03125	0.03125	0.03125	0.03125	0.03125	0.03125	0.03125	0.03125	0.03125	0.03125	0.03125	0.03125	0.03125	0.03125	0.03125	0.03125	0.03125	0.03125	0.03125	0.40625
116	Tweet,	0.03571428571428571	0.03571428571428571	0.03571428571428571	0.03571428571428571	0.03571428571428571	0.03571428571428571	0.17857142857142858	0.03571428571428571	0.03571428571428571	0.03571428571428571	0.03571428571428571	0.03571428571428571	0.03571428571428571	0.03571428571428571	0.03571428571428571	0.03571428571428571	0.03571428571428571	0.03571428571428571	0.17857142857142858	0.03571428571428571
117	When	0.007575757575757576	0.007575757575757576	0.007575757575757576	0.007575757575757576	0.007575757575757576	0.03787878787878788	0.06818181818181818	0.03787878787878788	0.007575757575757576	0.007575757575757576	0.007575757575757576	0.007575757575757576	0.007575757575757576	0.03787878787878788	0.007575757575757576	0.007575757575757576	0.6742424242424242	0.007575757575757576	0.007575757575757576	0.03787878787878788
118		0.03571428571428571	0.03571428571428571	0.03571428571428571	0.03571428571428571	0.03571428571428571	0.03571428571428571	0.03571428571428571	0.17857142857142858	0.03571428571428571	0.03571428571428571	0.03571428571428571	0.03571428571428571	0.17857142857142858	0.03571428571428571	0.03571428571428571	0.03571428571428571	0.03571428571428571	0.03571428571428571	0.03571428571428571	0.03571428571428571
119	Then	0.019230769230769232	0.019230769230769232	0.019230769230769232	0.019230769230769232	0.019230769230769232	0.09615384615384616	0.019230769230769232	0.019230769230769232	0.019230769230769232	0.019230769230769232	0.019230769230769232	0.019230769230769232	0.09615384615384616	0.019230769230769232	0.019230769230769232	0.019230769230769232	0.019230769230769232	0.019230769230769232	0.40384615384615385	0.09615384615384616
120		0.03571428571428571	0.03571428571428571	0.03571428571428571	0.03571428571428571	0.03571428571428571	0.03571428571428571	0.03571428571428571	0.03571428571428571	0.03571428571428571	0.03571428571428571	0.03571428571428571	0.03571428571428571	0.32142857142857145	0.03571428571428571	0.03571428571428571	0.03571428571428571	0.03571428571428571	0.03571428571428571	0.03571428571428571	0.03571428571428571
121	My	0.03571428571428571	0.03571428571428571	0.03571428571428571	0.17857142857142858	0.03571428571428571	0.03571428571428571	0.03571428571428571	0.03571428571428571	0.03571428571428571	0.03571428571428571	0.03571428571428571	0.03571428571428571	0.03571428571428571	0.03571428571428571	0.03571428571428571	0.17857142857142858	0.03571428571428571	0.03571428571428571	0.03571428571428571	0.03571428571428571
122	Then	0.03571428571428571	0.03571428571428571	0.03571428571428571	0.32142857142857145	0.03571428571428571	0.03571428571428571	0.03571428571428571	0.03571428571428571	0.03571428571428571	0.03571428571428571	0.03571428571428571	0.03571428571428571	0.03571428571428571	0.03571428571428571	0.03571428571428571	0.03571428571428571	0.03571428571428571	0.03571428571428571	0.03571428571428571	0.03571428571428571
123		0.03571428571428571	0.03571428571428571	0.03571428571428571	0.17857142857142858	0.03571428571428571	0.03571428571428571	0.03571428571428571	0.17857142857142858	0.03571428571428571	0.03571428571428571	0.03571428571428571	0.03571428571428571	0.03571428571428571	0.03571428571428571	0.03571428571428571	0.03571428571428571	0.03571428571428571	0.03571428571428571	0.03571428571428571	0.03571428571428571
124	My	0.03571428571428571	0.17857142857142858	0.03571428571428571	0.03571428571428571	0.03571428571428571	0.03571428571428571	0.03571428571428571	0.03571428571428571	0.03571428571428571	0.03571428571428571	0.03571428571428571	0.03571428571428571	0.03571428571428571	0.17857142857142858	0.03571428571428571	0.03571428571428571	0.03571428571428571	0.03571428571428571	0.03571428571428571	0.03571428571428571
125	Then	0.03125	0.03125	0.03125	0.28125	0.03125	0.03125	0.03125	0.03125	0.03125	0.03125	0.03125	0.03125	0.03125	0.15625	0.03125	0.03125	0.03125	0.03125	0.03125	0.03125
126		0.03571428571428571	0.03571428571428571	0.03571428571428571	0.03571428571428571	0.03571428571428571	0.03571428571428571	0.03571428571428571	0.03571428571428571	0.03571428571428571	0.03571428571428571	0.17857142857142858	0.03571428571428571	0.03571428571428571	0.03571428571428571	0.03571428571428571	0.03571428571428571	0.03571428571428571	0.17857142857142858	0.03571428571428571	0.03571428571428571
127	My	0.03571428571428571	0.17857142857142858	0.03571428571428571	0.03571428571428571	0.03571428571428571	0.03571428571428571	0.03571428571428571	0.03571428571428571	0.17857142857142858	0.03571428571428571	0.03571428571428571	0.03571428571428571	0.03571428571428571	0.03571428571428571	0.03571428571428571	0.03571428571428571	0.03571428571428571	0.03571428571428571	0.03571428571428571	0.03571428571428571
128	Then	0.03571428571428571	0.03571428571428571	0.03571428571428571	0.17857142857142858	0.03571428571428571	0.03571428571428571	0.03571428571428571	0.03571428571428571	0.03571428571428571	0.03571428571428571	0.03571428571428571	0.03571428571428571	0.03571428571428571	0.03571428571428571	0.03571428571428571	0.03571428571428571	0.03571428571428571	0.03571428571428571	0.03571428571428571	0.17857142857142858
129		0.03571428571428571	0.03571428571428571	0.03571428571428571	0.17857142857142858	0.03571428571428571	0.03571428571428571	0.03571428571428571	0.03571428571428571	0.03571428571428571	0.03571428571428571	0.03571428571428571	0.03571428571428571	0.03571428571428571	0.03571428571428571	0.17857142857142858	0.03571428571428571	0.03571428571428571	0.03571428571428571	0.03571428571428571	0.03571428571428571
130	Gathered	0.03571428571428571	0.03571428571428571	0.03571428571428571	0.03571428571428571	0.03571428571428571	0.03571428571428571	0.03571428571428571	0.03571428571428571	0.17857142857142858	0.03571428571428571	0.03571428571428571	0.03571428571428571	0.03571428571428571	0.03571428571428571	0.03571428571428571	0.03571428571428571	0.17857142857142858	0.03571428571428571	0.03571428571428571	0.03571428571428571
131	Tied	0.32142857142857145	0.03571428571428571	0.03571428571428571	0.03571428571428571	0.03571428571428571	0.03571428571428571	0.03571428571428571	0.03571428571428571	0.03571428571428571	0.03571428571428571	0.03571428571428571	0.03571428571428571	0.03571428571428571	0.03571428571428571	0.03571428571428571	0.03571428571428571	0.03571428571428571	0.03571428571428571	0.03571428571428571	0.03571428571428571
132	Now	0.03571428571428571	0.03571428571428571	0.03571428571428571	0.03571428571428571	0.03571428571428571	0.03571428571428571	0.03571428571428571	0.03571428571428571	0.03571428571428571	0.03571428571428571	0.17857142857142858	0.03571428571428571	0.03571428571428571	0.03571428571428571	0.03571428571428571	0.03571428571428571	0.17857142857142858	0.03571428571428571	0.03571428571428571	0.03571428571428571
133		0.32142857142857145	0.03571428571428571	0.03571428571428571	0.03571428571428571	0.03571428571428571	0.03571428571428571	0.03571428571428571	0.03571428571428571	0.03571428571428571	0.03571428571428571	0.03571428571428571	0.03571428571428571	0.03571428571428571	0.03571428571428571	0.03571428571428571	0.03571428571428571	0.03571428571428571	0.03571428571428571	0.03571428571428571	0.03571428571428571
134	Laid	0.03571428571428571	0.03571428571428571	0.03571428571428571	0.03571428571428571	0.03571428571428571	0.03571428571428571	0.03571428571428571	0.03571428571428571	0.03571428571428571	0.03571428571428571	0.03571428571428571	0.03571428571428571	0.03571428571428571	0.03571428571428571	0.03571428571428571	0.03571428571428571	0.03571428571428571	0.17857142857142858	0.03571428571428571	0.17857142857142858
135	Now	0.03571428571428571	0.17857142857142858	0.03571428571428571	0.03571428571428571	0.03571428571428571	0.03571428571428571	0.03571428571428571	0.03571428571428571	0.03571428571428571	0.03571428571428571	0.03571428571428571	0.03571428571428571	0.17857142857142858	0.03571428571428571	0.03571428571428571	0.03571428571428571	0.03571428571428571	0.03571428571428571	0.03571428571428571	0.03571428571428571
136		0.03571428571428571	0.03571428571428571	0.03571428571428571	0.03571428571428571	0.03571428571428571	0.03571428571428571	0.17857142857142858	0.03571428571428571	0.03571428571428571	0.03571428571428571	0.03571428571428571	0.03571428571428571	0.03571428571428571	0.03571428571428571	0.03571428571428571	0.03571428571428571	0.03571428571428571	0.03571428571428571	0.03571428571428571	0.17857142857142858
137	the	0.03571428571428571	0.03571428571428571	0.03571428571428571	0.03571428571428571	0.03571428571428571	0.03571428571428571	0.03571428571428571	0.03571428571428571	0.03571428571428571	0.03571428571428571	0.03571428571428571	0.03571428571428571	0.03571428571428571	0.03571428571428571	0.17857142857142858	0.03571428571428571	0.03571428571428571	0.03571428571428571	0.03571428571428571	0.17857142857142858
138	Now	0.03571428571428571	0.03571428571428571	0.03571428571428571	0.03571428571428571	0.17857142857142858	0.03571428571428571	0.03571428571428571	0.03571428571428571	0.03571428571428571	0.03571428571428571	0.17857142857142858	0.03571428571428571	0.03571428571428571	0.03571428571428571	0.03571428571428571	0.03571428571428571	0.03571428571428571	0.03571428571428571	0.03571428571428571	0.03571428571428571
139		0.03571428571428571	0.03571428571428571	0.03571428571428571	0.03571428571428571	0.03571428571428571	0.03571428571428571	0.17857142857142858	0.03571428571428571	0.03571428571428571	0.03571428571428571	0.03571428571428571	0.03571428571428571	0.03571428571428571	0.03571428571428571	0.03571428571428571	0.17857142857142858	0.03571428571428571	0.03571428571428571	0.03571428571428571	0.03571428571428571
140	Tweet,	0.03571428571428571	0.03571428571428571	0.03571428571428571	0.03571428571428571	0.03571428571428571	0.03571428571428571	0.32142857142857145	0.03571428571428571	0.03571428571428571	0.03571428571428571	0.03571428571428571	0.03571428571428571	0.03571428571428571	0.03571428571428571	0.03571428571428571	0.03571428571428571	0.03571428571428571	0.03571428571428571	0.03571428571428571	0.03571428571428571
141	Then	0.019230769230769232	0.019230769230769232	0.019230769230769232	0.17307692307692307	0.019230769230769232	0.019230769230769232	0.019230769230769232	0.019230769230769232	0.09615384615384616	0.019230769230769232	0.019230769230769232	0.019230769230769232	0.019230769230769232	0.019230769230769232	0.019230769230769232	0.019230769230769232	0.019230769230769232	0.019230769230769232	0.40384615384615385	0.019230769230769232
142		0.03571428571428571	0.03571428571428571	0.03571428571428571	0.03571428571428571	0.03571428571428571	0.03571428571428571	0.17857142857142858	0.03571428571428571	0.03571428571428571	0.03571428571428571	0.03571428571428571	0.03571428571428571	0.03571428571428571	0.17857142857142858	0.03571428571428571	0.03571428571428571	0.03571428571428571	0.03571428571428571	0.03571428571428571	0.03571428571428571
143	"No,"	0.025	0.025	0.025	0.025	0.025	0.025	0.025	0.025	0.025	0.025	0.025	0.125	0.025	0.025	0.025	0.025	0.025	0.025	0.425	0.025
144		0.03571428571428571	0.03571428571428571	0.03571428571428571	0.03571428571428571	0.03571428571428571	0.03571428571428571	0.17857142857142858	0.03571428571428571	0.03571428571428571	0.03571428571428571	0.03571428571428571	0.03571428571428571	0.03571428571428571	0.03571428571428571	0.03571428571428571	0.03571428571428571	0.03571428571428571	0.03571428571428571	0.17857142857142858	0.03571428571428571
145	"Yes,"	0.03571428571428571	0.03571428571428571	0.03571428571428571	0.03571428571428571	0.03571428571428571	0.03571428571428571	0.03571428571428571	0.17857142857142858	0.03571428571428571	0.03571428571428571	0.03571428571428571	0.03571428571428571	0.03571428571428571	0.03571428571428571	0.03571428571428571	0.03571428571428571	0.03571428571428571	0.17857142857142858	0.03571428571428571	0.03571428571428571
146		0.03571428571428571	0.03571428571428571	0.03571428571428571	0.03571428571428571	0.03571428571428571	0.03571428571428571	0.17857142857142858	0.03571428571428571	0.03571428571428571	0.03571428571428571	0.03571428571428571	0.17857142857142858	0.03571428571428571	0.03571428571428571	0.03571428571428571	0.03571428571428571	0.03571428571428571	0.03571428571428571	0.03571428571428571	0.03571428571428571
147	"Yes,"	0.03571428571428571	0.03571428571428571	0.03571428571428571	0.03571428571428571	0.03571428571428571	0.03571428571428571	0.03571428571428571	0.03571428571428571	0.17857142857142858	0.03571428571428571	0.03571428571428571	0.03571428571428571	0.03571428571428571	0.03571428571428571	0.17857142857142858	0.03571428571428571	0.03571428571428571	0.03571428571428571	0.03571428571428571	0.03571428571428571
148		0.03571428571428571	0.03571428571428571	0.03571428571428571	0.03571428571428571	0.03571428571428571	0.03571428571428571	0.03571428571428571	0.03571428571428571	0.03571428571428571	0.03571428571428571	0.03571428571428571	0.03571428571428571	0.03571428571428571	0.03571428571428571	0.17857142857142858	0.17857142857142858	0.03571428571428571	0.03571428571428571	0.03571428571428571	0.03571428571428571
149	Then	0.017857142857142856	0.017857142857142856	0.017857142857142856	0.017857142857142856	0.017857142857142856	0.017857142857142856	0.017857142857142856	0.017857142857142856	0.017857142857142856	0.017857142857142856	0.5178571428571429	0.08928571428571429	0.017857142857142856	0.017857142857142856	0.017857142857142856	0.017857142857142856	0.017857142857142856	0.017857142857142856	0.08928571428571429	0.017857142857142856
150		0.03571428571428571	0.03571428571428571	0.03571428571428571	0.03571428571428571	0.03571428571428571	0.03571428571428571	0.03571428571428571	0.17857142857142858	0.03571428571428571	0.03571428571428571	0.03571428571428571	0.03571428571428571	0.03571428571428571	0.03571428571428571	0.03571428571428571	0.03571428571428571	0.03571428571428571	0.17857142857142858	0.03571428571428571	0.03571428571428571
151	The	0.23214285714285715	0.017857142857142856	0.017857142857142856	0.017857142857142856	0.08928571428571429	0.017857142857142856	0.017857142857142856	0.017857142857142856	0.017857142857142856	0.017857142857142856	0.017857142857142856	0.017857142857142856	0.08928571428571429	0.017857142857142856	0.017857142857142856	0.017857142857142856	0.23214285714285715	0.017857142857142856	0.08928571428571429	0.017857142857142856
152		0.03571428571428571	0.03571428571428571	0.03571428571428571	0.17857142857142858	0.03571428571428571	0.03571428571428571	0.03571428571428571	0.03571428571428571	0.03571428571428571	0.17857142857142858	0.03571428571428571	0.03571428571428571	0.03571428571428571	0.03571428571428571	0.03571428571428571	0.03571428571428571	0.03571428571428571	0.03571428571428571	0.03571428571428571	0.03571428571428571
153	My	0.03571428571428571	0.03571428571428571	0.03571428571428571	0.17857142857142858	0.17857142857142858	0.03571428571428571	0.03571428571428571	0.03571428571428571	0.03571428571428571	0.03571428571428571	0.03571428571428571	0.03571428571428571	0.03571428571428571	0.03571428571428571	0.03571428571428571	0.03571428571428571	0.03571428571428571	0.03571428571428571	0.03571428571428571	0.03571428571428571
154	My	0.03571428571428571	0.03571428571428571	0.03571428571428571	0.03571428571428571	0.03571428571428571	0.03571428571428571	0.17857142857142858	0.03571428571428571	0.03571428571428571	0.03571428571428571	0.03571428571428571	0.03571428571428571	0.03571428571428571	0.17857142857142858	0.03571428571428571	0.03571428571428571	0.03571428571428571	0.03571428571428571	0.03571428571428571	0.03571428571428571
155	My	0.03571428571428571	0.03571428571428571	0.17857142857142858	0.17857142857142858	0.03571428571428571	0.03571428571428571	0.03571428571428571	0.03571428571428571	0.03571428571428571	0.03571428571428571	0.03571428571428571	0.03571428571428571	0.03571428571428571	0.03571428571428571	0.03571428571428571	0.03571428571428571	0.03571428571428571	0.03571428571428571	0.03571428571428571	0.03571428571428571
156	Gathered	0.03571428571428571	0.17857142857142858	0.03571428571428571	0.03571428571428571	0.03571428571428571	0.03571428571428571	0.03571428571428571	0.03571428571428571	0.03571428571428571	0.03571428571428571	0.17857142857142858	0.03571428571428571	0.03571428571428571	0.03571428571428571	0.03571428571428571	0.03571428571428571	0.03571428571428571	0.03571428571428571	0.03571428571428571	0.03571428571428571
157	Tied	0.32142857142857145	0.03571428571428571	0.03571428571428571	0.03571428571428571	0.03571428571428571	0.03571428571428571	0.03571428571428571	0.03571428571428571	0.03571428571428571	0.03571428571428571	0.03571428571428571	0.03571428571428571	0.03571428571428571	0.03571428571428571	0.03571428571428571	0.03571428571428571	0.03571428571428571	0.03571428571428571	0.03571428571428571	0.03571428571428571
158	Laid	0.03125	0.03125	0.03125	0.03125	0.03125	0.03125	0.03125	0.03125	0.03125	0.03125	0.03125	0.03125	0.03125	0.03125	0.03125	0.03125	0.03125	0.03125	0.03125	0.40625
159	Tweet,	0.03571428571428571	0.03571428571428571	0.03571428571428571	0.03571428571428571	0.03571428571428571	0.03571428571428571	0.17857142857142858	0.03571428571428571	0.03571428571428571	0.03571428571428571	0.03571428571428571	0.03571428571428571	0.03571428571428571	0.03571428571428571	0.03571428571428571	0.03571428571428571	0.03571428571428571	0.03571428571428571	0.17857142857142858	0.03571428571428571
160	When	0.013888888888888888	0.013888888888888888	0.013888888888888888	0.013888888888888888	0.125	0.06944444444444445	0.06944444444444445	0.013888888888888888	0.013888888888888888	0.013888888888888888	0.013888888888888888	0.06944444444444445	0.013888888888888888	0.06944444444444445	0.013888888888888888	0.013888888888888888	0.4027777777777778	0.013888888888888888	0.013888888888888888	0.013888888888888888
161		0.03571428571428571	0.03571428571428571	0.03571428571428571	0.03571428571428571	0.03571428571428571	0.17857142857142858	0.03571428571428571	0.03571428571428571	0.03571428571428571	0.03571428571428571	0.03571428571428571	0.03571428571428571	0.03571428571428571	0.03571428571428571	0.03571428571428571	0.03571428571428571	0.17857142857142858	0.03571428571428571	0.03571428571428571	0.03571428571428571
162	In	0.022727272727272728	0.022727272727272728	0.29545454545454547	0.022727272727272728	0.022727272727272728	0.022727272727272728	0.022727272727272728	0.022727272727272728	0.11363636363636363	0.022727272727272728	0.022727272727272728	0.022727272727272728	0.20454545454545456	0.022727272727272728	0.022727272727272728	0.022727272727272728	0.022727272727272728	0.022727272727272728	0.022727272727272728	0.022727272727272728
163		0.03571428571428571	0.03571428571428571	0.03571428571428571	0.03571428571428571	0.17857142857142858	0.03571428571428571	0.03571428571428571	0.17857142857142858	0.03571428571428571	0.03571428571428571	0.03571428571428571	0.03571428571428571	0.03571428571428571	0.03571428571428571	0.03571428571428571	0.03571428571428571	0.03571428571428571	0.03571428571428571	0.03571428571428571	0.03571428571428571
164	The	0.03125	0.03125	0.03125	0.03125	0.28125	0.03125	0.03125	0.03125	0.03125	0.03125	0.03125	0.03125	0.03125	0.03125	0.03125	0.15625	0.03125	0.03125	0.03125	0.03125
165		0.03571428571428571	0.03571428571428571	0.03571428571428571	0.17857142857142858	0.03571428571428571	0.03571428571428571	0.17857142857142858	0.03571428571428571	0.03571428571428571	0.03571428571428571	0.03571428571428571	0.03571428571428571	0.03571428571428571	0.03571428571428571	0.03571428571428571	0.03571428571428571	0.03571428571428571	0.03571428571428571	0.03571428571428571	0.03571428571428571
166	"Not	0.022727272727272728	0.11363636363636363	0.11363636363636363	0.022727272727272728	0.022727272727272728	0.022727272727272728	0.022727272727272728	0.022727272727272728	0.022727272727272728	0.022727272727272728	0.022727272727272728	0.11363636363636363	0.022727272727272728	0.022727272727272728	0.022727272727272728	0.29545454545454547	0.022727272727272728	0.022727272727272728	0.022727272727272728	0.022727272727272728
167		0.03571428571428571	0.03571428571428571	0.03571428571428571	0.03571428571428571	0.03571428571428571	0.03571428571428571	0.17857142857142858	0.17857142857142858	0.03571428571428571	0.03571428571428571	0.03571428571428571	0.03571428571428571	0.03571428571428571	0.03571428571428571	0.03571428571428571	0.03571428571428571	0.03571428571428571	0.03571428571428571	0.03571428571428571	0.03571428571428571
168	But	0.03125	0.03125	0.03125	0.03125	0.03125	0.40625	0.03125	0.03125	0.03125	0.03125	0.03125	0.03125	0.03125	0.03125	0.03125	0.03125	0.03125	0.03125	0.03125	0.03125
169		0.03571428571428571	0.03571428571428571	0.03571428571428571	0.03571428571428571	0.03571428571428571	0.03571428571428571	0.03571428571428571	0.03571428571428571	0.03571428571428571	0.03571428571428571	0.03571428571428571	0.03571428571428571	0.03571428571428571	0.17857142857142858	0.03571428571428571	0.03571428571428571	0.03571428571428571	0.17857142857142858	0.03571428571428571	0.03571428571428571
170	Then	0.014705882352941176	0.014705882352941176	0.014705882352941176	0.014705882352941176	0.07352941176470588	0.014705882352941176	0.014705882352941176	0.014705882352941176	0.25	0.014705882352941176	0.014705882352941176	0.014705882352941176	0.014705882352941176	0.014705882352941176	0.014705882352941176	0.19117647058823528	0.07352941176470588	0.014705882352941176	0.19117647058823528	0.014705882352941176
171		0.03571428571428571	0.03571428571428571	0.03571428571428571	0.03571428571428571	0.03571428571428571	0.03571428571428571	0.17857142857142858	0.03571428571428571	0.03571428571428571	0.03571428571428571	0.03571428571428571	0.03571428571428571	0.03571428571428571	0.03571428571428571	0.17857142857142858	0.03571428571428571	0.03571428571428571	0.03571428571428571	0.03571428571428571	0.03571428571428571
172	"Not	0.01	0.01	0.17	0.09	0.01	0.17	0.05	0.01	0.09	0.05	0.01	0.01	0.01	0.01	0.01	0.13	0.05	0.09	0.01	0.01
173		0.03571428571428571	0.03571428571428571	0.03571428571428571	0.17857142857142858	0.03571428571428571	0.03571428571428571	0.03571428571428571	0.03571428571428571	0.03571428571428571	0.03571428571428571	0.03571428571428571	0.03571428571428571	0.03571428571428571	0.03571428571428571	0.03571428571428571	0.03571428571428571	0.03571428571428571	0.03571428571428571	0.03571428571428571	0.17857142857142858
174	Then	0.025	0.025	0.025	0.025	0.025	0.025	0.025	0.025	0.025	0.025	0.025	0.025	0.025	0.025	0.025	0.225	0.025	0.025	0.125	0.225
175		0.17857142857142858	0.03571428571428571	0.17857142857142858	0.03571428571428571	0.03571428571428571	0.03571428571428571	0.03571428571428571	0.03571428571428571	0.03571428571428571	0.03571428571428571	0.03571428571428571	0.03571428571428571	0.03571428571428571	0.03571428571428571	0.03571428571428571	0.03571428571428571	0.03571428571428571	0.03571428571428571	0.03571428571428571	0.03571428571428571
176	My	0.03571428571428571	0.03571428571428571	0.17857142857142858	0.17857142857142858	0.03571428571428571	0.03571428571428571	0.03571428571428571	0.03571428571428571	0.03571428571428571	0.03571428571428571	0.03571428571428571	0.03571428571428571	0.03571428571428571	0.03571428571428571	0.03571428571428571	0.03571428571428571	0.03571428571428571	0.03571428571428571	0.03571428571428571	0.03571428571428571
177	The	0.013157894736842105	0.013157894736842105	0.013157894736842105	0.4868421052631579	0.11842105263157894	0.013157894736842105	0.013157894736842105	0.06578947368421052	0.06578947368421052	0.013157894736842105	0.013157894736842105	0.013157894736842105	0.013157894736842105	0.013157894736842105	0.013157894736842105	0.013157894736842105	0.013157894736842105	0.06578947368421052	0.013157894736842105	0.013157894736842105
178		0.03571428571428571	0.03571428571428571	0.03571428571428571	0.03571428571428571	0.03571428571428571	0.03571428571428571	0.03571428571428571	0.03571428571428571	0.03571428571428571	0.03571428571428571	0.03571428571428571	0.32142857142857145	0.03571428571428571	0.03571428571428571	0.03571428571428571	0.03571428571428571	0.03571428571428571	0.03571428571428571	0.03571428571428571	0.03571428571428571
179	My	0.03571428571428571	0.03571428571428571	0.03571428571428571	0.03571428571428571	0.03571428571428571	0.03571428571428571	0.03571428571428571	0.03571428571428571	0.03571428571428571	0.03571428571428571	0.03571428571428571	0.17857142857142858	0.03571428571428571	0.17857142857142858	0.03571428571428571	0.03571428571428571	0.03571428571428571	0.03571428571428571	0.03571428571428571	0.03571428571428571
180	"Oh,	0.015625	0.015625	0.015625	0.015625	0.078125	0.015625	0.328125	0.015625	0.328125	0.015625	0.015625	0.015625	0.015625	0.015625	0.015625	0.015625	0.015625	0.015625	0.015625	0.015625
181		0.03571428571428571	0.03571428571428571	0.03571428571428571	0.03571428571428571	0.03571428571428571	0.17857142857142858	0.03571428571428571	0.17857142857142858	0.03571428571428571	0.03571428571428571	0.03571428571428571	0.03571428571428571	0.03571428571428571	0.03571428571428571	0.03571428571428571	0.03571428571428571	0.03571428571428571	0.03571428571428571	0.03571428571428571	0.03571428571428571
182	My	0.03571428571428571	0.03571428571428571	0.17857142857142858	0.03571428571428571	0.03571428571428571	0.03571428571428571	0.03571428571428571	0.03571428571428571	0.03571428571428571	0.03571428571428571	0.03571428571428571	0.03571428571428571	0.03571428571428571	0.03571428571428571	0.17857142857142858	0.03571428571428571	0.03571428571428571	0.03571428571428571	0.03571428571428571	0.03571428571428571
183	Then	0.019230769230769232	0.019230769230769232	0.019230769230769232	0.09615384615384616	0.019230769230769232	0.40384615384615385	0.019230769230769232	0.019230769230769232	0.019230769230769232	0.019230769230769232	0.019230769230769232	0.09615384615384616	0.09615384615384616	0.019230769230769232	0.019230769230769232	0.019230769230769232	0.019230769230769232	0.019230769230769232	0.019230769230769232	0.019230769230769232
184		0.03571428571428571	0.17857142857142858	0.03571428571428571	0.03571428571428571	0.03571428571428571	0.03571428571428571	0.03571428571428571	0.03571428571428571	0.03571428571428571	0.03571428571428571	0.03571428571428571	0.03571428571428571	0.03571428571428571	0.03571428571428571	0.03571428571428571	0.17857142857142858	0.03571428571428571	0.03571428571428571	0.03571428571428571	0.03571428571428571
185	"Oh,	0.025	0.025	0.025	0.025	0.125	0.025	0.025	0.025	0.025	0.025	0.025	0.125	0.025	0.025	0.025	0.125	0.025	0.225	0.025	0.025
186		0.03571428571428571	0.03571428571428571	0.03571428571428571	0.03571428571428571	0.03571428571428571	0.03571428571428571	0.03571428571428571	0.17857142857142858	0.03571428571428571	0.03571428571428571	0.17857142857142858	0.03571428571428571	0.03571428571428571	0.03571428571428571	0.03571428571428571	0.03571428571428571	0.03571428571428571	0.03571428571428571	0.03571428571428571	0.03571428571428571
187	But	0.03125	0.03125	0.03125	0.03125	0.03125	0.28125	0.03125	0.03125	0.03125	0.03125	0.03125	0.03125	0.03125	0.03125	0.15625	0.03125	0.03125	0.03125	0.03125	0.03125
188		0.03571428571428571	0.17857142857142858	0.17857142857142858	0.03571428571428571	0.03571428571428571	0.03571428571428571	0.03571428571428571	0.03571428571428571	0.03571428571428571	0.03571428571428571	0.03571428571428571	0.03571428571428571	0.03571428571428571	0.03571428571428571	0.03571428571428571	0.03571428571428571	0.03571428571428571	0.03571428571428571	0.03571428571428571	0.03571428571428571
189	Gathered	0.03571428571428571	0.03571428571428571	0.03571428571428571	0.17857142857142858	0.03571428571428571	0.03571428571428571	0.03571428571428571	0.03571428571428571	0.03571428571428571	0.03571428571428571	0.17857142857142858	0.03571428571428571	0.03571428571428571	0.03571428571428571	0.03571428571428571	0.03571428571428571	0.03571428571428571	0.03571428571428571	0.03571428571428571	0.03571428571428571
190	Tied	0.32142857142857145	0.03571428571428571	0.03571428571428571	0.03571428571428571	0.03571428571428571	0.03571428571428571	0.03571428571428571	0.03571428571428571	0.03571428571428571	0.03571428571428571	0.03571428571428571	0.03571428571428571	0.03571428571428571	0.03571428571428571	0.03571428571428571	0.03571428571428571	0.03571428571428571	0.03571428571428571	0.03571428571428571	0.03571428571428571
191	Laid	0.03125	0.03125	0.03125	0.03125	0.03125	0.03125	0.03125	0.03125	0.03125	0.03125	0.03125	0.03125	0.03125	0.03125	0.03125	0.03125	0.03125	0.03125	0.03125	0.40625
192	Tweet,	0.03571428571428571	0.03571428571428571	0.03571428571428571	0.03571428571428571	0.03571428571428571	0.03571428571428571	0.32142857142857145	0.03571428571428571	0.03571428571428571	0.03571428571428571	0.03571428571428571	0.03571428571428571	0.03571428571428571	0.03571428571428571	0.03571428571428571	0.03571428571428571	0.03571428571428571	0.03571428571428571	0.03571428571428571	0.03571428571428571
193	With	0.011904761904761904	0.011904761904761904	0.011904761904761904	0.011904761904761904	0.011904761904761904	0.011904761904761904	0.5357142857142857	0.011904761904761904	0.011904761904761904	0.011904761904761904	0.011904761904761904	0.011904761904761904	0.011904761904761904	0.05952380952380952	0.011904761904761904	0.011904761904761904	0.011904761904761904	0.05952380952380952	0.15476190476190477	0.011904761904761904
194		0.03571428571428571	0.03571428571428571	0.17857142857142858	0.03571428571428571	0.03571428571428571	0.03571428571428571	0.03571428571428571	0.03571428571428571	0.03571428571428571	0.03571428571428571	0.03571428571428571	0.17857142857142858	0.03571428571428571	0.03571428571428571	0.03571428571428571	0.03571428571428571	0.03571428571428571	0.03571428571428571	0.03571428571428571	0.03571428571428571
195	But	0.016666666666666666	0.016666666666666666	0.016666666666666666	0.016666666666666666	0.016666666666666666	0.016666666666666666	0.016666666666666666	0.016666666666666666	0.016666666666666666	0.016666666666666666	0.016666666666666666	0.15	0.08333333333333333	0.016666666666666666	0.016666666666666666	0.016666666666666666	0.016666666666666666	0.35	0.15	0.016666666666666666
196		0.03571428571428571	0.03571428571428571	0.03571428571428571	0.03571428571428571	0.03571428571428571	0.03571428571428571	0.03571428571428571	0.03571428571428571	0.03571428571428571	0.03571428571428571	0.03571428571428571	0.03571428571428571	0.03571428571428571	0.03571428571428571	0.17857142857142858	0.03571428571428571	0.03571428571428571	0.03571428571428571	0.03571428571428571	0.17857142857142858
197	My	0.03571428571428571	0.03571428571428571	0.03571428571428571	0.17857142857142858	0.03571428571428571	0.03571428571428571	0.17857142857142858	0.03571428571428571	0.03571428571428571	0.03571428571428571	0.03571428571428571	0.03571428571428571	0.03571428571428571	0.03571428571428571	0.03571428571428571	0.03571428571428571	0.03571428571428571	0.03571428571428571	0.03571428571428571	0.03571428571428571
198	"I	0.025	0.025	0.025	0.125	0.025	0.025	0.025	0.025	0.025	0.025	0.025	0.025	0.025	0.025	0.125	0.225	0.025	0.025	0.025	0.125
199		0.03571428571428571	0.17857142857142858	0.03571428571428571	0.03571428571428571	0.03571428571428571	0.03571428571428571	0.03571428571428571	0.03571428571428571	0.03571428571428571	0.17857142857142858	0.03571428571428571	0.03571428571428571	0.03571428571428571	0.03571428571428571	0.03571428571428571	0.03571428571428571	0.03571428571428571	0.03571428571428571	0.03571428571428571	0.03571428571428571
200	My	0.03571428571428571	0.03571428571428571	0.03571428571428571	0.03571428571428571	0.03571428571428571	0.03571428571428571	0.03571428571428571	0.03571428571428571	0.03571428571428571	0.03571428571428571	0.03571428571428571	0.03571428571428571	0.03571428571428571	0.17857142857142858	0.03571428571428571	0.17857142857142858	0.03571428571428571	0.03571428571428571	0.03571428571428571	0.03571428571428571
201	Then	0.03125	0.03125	0.03125	0.03125	0.03125	0.03125	0.03125	0.03125	0.03125	0.03125	0.03125	0.03125	0.03125	0.03125	0.03125	0.03125	0.03125	0.40625	0.03125	0.03125
202		0.03571428571428571	0.03571428571428571	0.03571428571428571	0.03571428571428571	0.03571428571428571	0.03571428571428571	0.03571428571428571	0.03571428571428571	0.03571428571428571	0.17857142857142858	0.17857142857142858	0.03571428571428571	0.03571428571428571	0.03571428571428571	0.03571428571428571	0.03571428571428571	0.03571428571428571	0.03571428571428571	0.03571428571428571	0.03571428571428571
203	My	0.03571428571428571	0.03571428571428571	0.17857142857142858	0.03571428571428571	0.03571428571428571	0.03571428571428571	0.03571428571428571	0.17857142857142858	0.03571428571428571	0.03571428571428571	0.03571428571428571	0.03571428571428571	0.03571428571428571	0.03571428571428571	0.03571428571428571	0.03571428571428571	0.03571428571428571	0.03571428571428571	0.03571428571428571	0.03571428571428571
204	"Oh,"	0.03125	0.03125	0.03125	0.03125	0.03125	0.03125	0.15625	0.03125	0.15625	0.03125	0.15625	0.03125	0.03125	0.03125	0.03125	0.03125	0.03125	0.03125	0.03125	0.03125
205		0.03571428571428571	0.03571428571428571	0.03571428571428571	0.03571428571428571	0.03571428571428571	0.03571428571428571	0.03571428571428571	0.03571428571428571	0.03571428571428571	0.03571428571428571	0.03571428571428571	0.03571428571428571	0.03571428571428571	0.03571428571428571	0.03571428571428571	0.03571428571428571	0.03571428571428571	0.03571428571428571	0.03571428571428571	0.32142857142857145
206	Gathered	0.03571428571428571	0.03571428571428571	0.03571428571428571	0.03571428571428571	0.03571428571428571	0.03571428571428571	0.03571428571428571	0.03571428571428571	0.03571428571428571	0.03571428571428571	0.17857142857142858	0.03571428571428571	0.03571428571428571	0.03571428571428571	0.03571428571428571	0.17857142857142858	0.03571428571428571	0.03571428571428571	0.03571428571428571	0.03571428571428571
207	Tied	0.32142857142857145	0.03571428571428571	0.03571428571428571	0.03571428571428571	0.03571428571428571	0.03571428571428571	0.03571428571428571	0.03571428571428571	0.03571428571428571	0.03571428571428571	0.03571428571428571	0.03571428571428571	0.03571428571428571	0.03571428571428571	0.03571428571428571	0.03571428571428571	0.03571428571428571	0.03571428571428571	0.03571428571428571	0.03571428571428571
208	He	0.17857142857142858	0.03571428571428571	0.03571428571428571	0.03571428571428571	0.03571428571428571	0.03571428571428571	0.03571428571428571	0.03571428571428571	0.03571428571428571	0.03571428571428571	0.03571428571428571	0.03571428571428571	0.03571428571428571	0.03571428571428571	0.03571428571428571	0.03571428571428571	0.17857142857142858	0.03571428571428571	0.03571428571428571	0.03571428571428571
209		0.03571428571428571	0.03571428571428571	0.03571428571428571	0.03571428571428571	0.03571428571428571	0.03571428571428571	0.03571428571428571	0.03571428571428571	0.03571428571428571	0.17857142857142858	0.03571428571428571	0.17857142857142858	0.03571428571428571	0.03571428571428571	0.03571428571428571	0.03571428571428571	0.03571428571428571	0.03571428571428571	0.03571428571428571	0.03571428571428571
210	Laid	0.03125	0.03125	0.03125	0.03125	0.03125	0.03125	0.03125	0.03125	0.03125	0.03125	0.03125	0.03125	0.03125	0.03125	0.03125	0.03125	0.03125	0.03125	0.03125	0.40625
211	Tweet,	0.03571428571428571	0.03571428571428571	0.03571428571428571	0.03571428571428571	0.03571428571428571	0.03571428571428571	0.32142857142857145	0.03571428571428571	0.03571428571428571	0.03571428571428571	0.03571428571428571	0.03571428571428571	0.03571428571428571	0.03571428571428571	0.03571428571428571	0.03571428571428571	0.03571428571428571	0.03571428571428571	0.03571428571428571	0.03571428571428571
212	Then	0.0625	0.0625	0.0125	0.0125	0.5625	0.0125	0.0625	0.0125	0.0125	0.0125	0.0125	0.0125	0.0125	0.0125	0.0125	0.0125	0.0625	0.0125	0.0125	0.0125
213		0.03571428571428571	0.03571428571428571	0.03571428571428571	0.03571428571428571	0.03571428571428571	0.03571428571428571	0.03571428571428571	0.03571428571428571	0.03571428571428571	0.03571428571428571	0.03571428571428571	0.03571428571428571	0.03571428571428571	0.03571428571428571	0.03571428571428571	0.03571428571428571	0.17857142857142858	0.03571428571428571	0.17857142857142858	0.03571428571428571
214	"No,"	0.013888888888888888	0.013888888888888888	0.013888888888888888	0.013888888888888888	0.013888888888888888	0.013888888888888888	0.013888888888888888	0.013888888888888888	0.013888888888888888	0.013888888888888888	0.013888888888888888	0.013888888888888888	0.013888888888888888	0.18055555555555555	0.013888888888888888	0.2361111111111111	0.013888888888888888	0.3472222222222222	0.013888888888888888	0.013888888888888888
215		0.03571428571428571	0.03571428571428571	0.17857142857142858	0.17857142857142858	0.03571428571428571	0.03571428571428571	0.03571428571428571	0.03571428571428571	0.03571428571428571	0.03571428571428571	0.03571428571428571	0.03571428571428571	0.03571428571428571	0.03571428571428571	0.03571428571428571	0.03571428571428571	0.03571428571428571	0.03571428571428571	0.03571428571428571	0.03571428571428571
216	And	0.019230769230769232	0.019230769230769232	0.019230769230769232	0.019230769230769232	0.019230769230769232	0.019230769230769232	0.019230769230769232	0.019230769230769232	0.019230769230769232	0.25	0.019230769230769232	0.25	0.09615384615384616	0.019230769230769232	0.019230769230769232	0.019230769230769232	0.019230769230769232	0.019230769230769232	0.09615384615384616	0.019230769230769232
217		0.17857142857142858	0.03571428571428571	0.03571428571428571	0.03571428571428571	0.03571428571428571	0.03571428571428571	0.03571428571428571	0.03571428571428571	0.03571428571428571	0.03571428571428571	0.03571428571428571	0.03571428571428571	0.03571428571428571	0.03571428571428571	0.03571428571428571	0.03571428571428571	0.03571428571428571	0.17857142857142858	0.03571428571428571	0.03571428571428571
218	The	0.011363636363636364	0.011363636363636364	0.011363636363636364	0.011363636363636364	0.23863636363636365	0.10227272727272728	0.011363636363636364	0.011363636363636364	0.23863636363636365	0.011363636363636364	0.056818181818181816	0.011363636363636364	0.011363636363636364	0.10227272727272728	0.011363636363636364	0.011363636363636364	0.011363636363636364	0.10227272727272728	0.011363636363636364	0.011363636363636364
219		0.03571428571428571	0.03571428571428571	0.03571428571428571	0.03571428571428571	0.03571428571428571	0.03571428571428571	0.03571428571428571	0.03571428571428571	0.03571428571428571	0.03571428571428571	0.03571428571428571	0.03571428571428571	0.03571428571428571	0.03571428571428571	0.03571428571428571	0.17857142857142858	0.03571428571428571	0.17857142857142858	0.03571428571428571	0.03571428571428571
220	Source:	0.0625	0.3625	0.0125	0.0125	0.0125	0.0125	0.0125	0.2625	0.0125	0.0625	0.0125	0.0125	0.0125	0.0125	0.0125	0.0625	0.0125	0.0125	0.0125	0.0125
221	The	0.005555555555555556	0.16111111111111112	0.005555555555555556	0.005555555555555556	0.027777777777777776	0.005555555555555556	0.005555555555555556	0.6055555555555555	0.027777777777777776	0.07222222222222222	0.005555555555555556	0.005555555555555556	0.005555555555555556	0.005555555555555556	0.005555555555555556	0.005555555555555556	0.005555555555555556	0.027777777777777776	0.005555555555555556	0.005555555555555556
222	A	0.1015625	0.4453125	0.0078125	0.0703125	0.0078125	0.0078125	0.0078125	0.1328125	0.0078125	0.0078125	0.1015625	0.0390625	0.0078125	0.0078125	0.0078125	0.0078125	0.0078125	0.0078125	0.0078125	0.0078125
223	Translated	0.03571428571428571	0.03571428571428571	0.03571428571428571	0.03571428571428571	0.17857142857142858	0.03571428571428571	0.03571428571428571	0.03571428571428571	0.03571428571428571	0.03571428571428571	0.17857142857142858	0.03571428571428571	0.03571428571428571	0.03571428571428571	0.03571428571428571	0.03571428571428571	0.03571428571428571	0.03571428571428571	0.03571428571428571	0.03571428571428571
224	Aarne-Thompson	0.03571428571428571	0.03571428571428571	0.03571428571428571	0.17857142857142858	0.03571428571428571	0.03571428571428571	0.03571428571428571	0.03571428571428571	0.03571428571428571	0.03571428571428571	0.03571428571428571	0.03571428571428571	0.03571428571428571	0.03571428571428571	0.03571428571428571	0.17857142857142858	0.03571428571428571	0.03571428571428571	0.03571428571428571	0.03571428571428571
225	Related	0.03571428571428571	0.17857142857142858	0.03571428571428571	0.03571428571428571	0.03571428571428571	0.17857142857142858	0.03571428571428571	0.03571428571428571	0.03571428571428571	0.03571428571428571	0.03571428571428571	0.03571428571428571	0.03571428571428571	0.03571428571428571	0.03571428571428571	0.03571428571428571	0.03571428571428571	0.03571428571428571	0.03571428571428571	0.03571428571428571
226	Mother	0.022727272727272728	0.022727272727272728	0.022727272727272728	0.022727272727272728	0.022727272727272728	0.022727272727272728	0.022727272727272728	0.022727272727272728	0.11363636363636363	0.022727272727272728	0.022727272727272728	0.022727272727272728	0.022727272727272728	0.20454545454545456	0.022727272727272728	0.11363636363636363	0.022727272727272728	0.20454545454545456	0.022727272727272728	0.022727272727272728
227	D.	0.019230769230769232	0.40384615384615385	0.019230769230769232	0.019230769230769232	0.019230769230769232	0.019230769230769232	0.019230769230769232	0.019230769230769232	0.019230769230769232	0.019230769230769232	0.019230769230769232	0.019230769230769232	0.019230769230769232	0.019230769230769232	0.019230769230769232	0.17307692307692307	0.019230769230769232	0.019230769230769232	0.09615384615384616	0.019230769230769232
228	The	0.020833333333333332	0.3541666666666667	0.020833333333333332	0.020833333333333332	0.020833333333333332	0.020833333333333332	0.020833333333333332	0.10416666666666667	0.020833333333333332	0.020833333333333332	0.020833333333333332	0.020833333333333332	0.10416666666666667	0.020833333333333332	0.10416666666666667	0.020833333333333332	0.020833333333333332	0.020833333333333332	0.020833333333333332	0.020833333333333332
229	The	0.03125	0.03125	0.15625	0.03125	0.03125	0.03125	0.03125	0.03125	0.03125	0.15625	0.03125	0.03125	0.03125	0.03125	0.15625	0.03125	0.03125	0.03125	0.03125	0.03125
230	Revised	0.03571428571428571	0.03571428571428571	0.03571428571428571	0.03571428571428571	0.03571428571428571	0.03571428571428571	0.17857142857142858	0.03571428571428571	0.03571428571428571	0.03571428571428571	0.03571428571428571	0.03571428571428571	0.03571428571428571	0.03571428571428571	0.03571428571428571	0.03571428571428571	0.03571428571428571	0.03571428571428571	0.03571428571428571	0.17857142857142858
